[841, 397]
[840, 397]
[840, 395]
[837, 597]
[644, 634]
[485, 853]
[838, 386]
[838, 384]
[832, 518]
[647, 643]
[646, 643]
[483, 815]
[829, 400]
[829, 398]
[829, 397]
[829, 395]
[810, 632]
[654, 616]
[560, 732]
[851, 374]
[851, 373]
[808, 510]
[633, 631]
[541, 756]
[845, 402]
[843, 402]
[843, 400]
[841, 400]
[838, 389]
[837, 387]
[841, 376]
[838, 376]
[832, 376]
[830, 596]
[830, 381]
[832, 381]
[819, 371]
[817, 390]
[817, 392]
[819, 392]
[832, 395]
[833, 395]
[840, 374]
[840, 373]
[840, 371]
[825, 371]
[824, 371]
[824, 373]
[822, 373]
[817, 387]
[817, 389]
[832, 397]
[840, 392]
[840, 390]
[840, 389]
[829, 374]
[827, 376]
[849, 553]
[824, 546]
[822, 546]
[822, 545]
[822, 543]
[821, 543]
[821, 542]
[821, 519]
[833, 521]
[835, 521]
[843, 529]
[833, 534]
[832, 534]
[830, 534]
[829, 534]
[824, 529]
[822, 529]
[822, 527]
[822, 526]
[821, 526]
[821, 524]
[821, 524]
[833, 522]
[838, 524]
[835, 534]
[827, 516]
[833, 522]
[832, 537]
[814, 534]
[821, 546]
[825, 535]
[832, 535]
[841, 535]
[841, 537]
[843, 529]
[830, 524]
[829, 524]
[819, 527]
[817, 527]
[814, 542]
[825, 546]
[829, 392]
[829, 390]
[829, 389]
[827, 389]
[840, 618]
[840, 618]
[830, 613]
[821, 594]
[821, 594]
[824, 599]
[835, 600]
[841, 600]
[835, 589]
[833, 589]
[832, 589]
[832, 594]
[833, 599]
[837, 602]
[846, 605]
[846, 605]
[846, 599]
[846, 597]
[846, 597]
[845, 597]
[843, 597]
[841, 597]
[833, 599]
[833, 599]
[832, 597]
[832, 596]
[830, 591]
[830, 589]
[829, 589]
[829, 588]
[837, 588]
[840, 588]
[845, 591]
[845, 591]
[845, 600]
[845, 600]
[837, 605]
[837, 605]
[825, 605]
[824, 604]
[822, 604]
[813, 589]
[819, 586]
[840, 599]
[833, 535]
[821, 530]
[819, 530]
[822, 530]
[755, 599]
[754, 599]
[754, 600]
[752, 600]
[625, 645]
[854, 382]
[811, 389]
[838, 457]
[588, 643]
[587, 643]
[585, 643]
[566, 632]
[564, 632]
[571, 618]
[626, 602]
[628, 623]
[628, 624]
[663, 621]
[662, 621]
[665, 631]
[665, 632]
[646, 626]
[646, 632]
[658, 624]
[658, 624]
[663, 621]
[663, 621]
[665, 616]
[663, 616]
[669, 610]
[674, 610]
[689, 619]
[693, 629]
[697, 637]
[697, 637]
[697, 637]
[684, 642]
[684, 642]
[665, 635]
[665, 635]
[660, 656]
[649, 650]
[631, 635]
[639, 626]
[639, 624]
[639, 623]
[674, 615]
[695, 616]
[700, 645]
[666, 662]
[663, 653]
[655, 640]
[674, 635]
[674, 634]
[684, 645]
