[1497, 1952]
[1497, 1952]
[1497, 1952]
[1497, 1952]
[1497, 1952]
[1497, 1952]
[1497, 1952]
[1497, 1952]
[1497, 1952]
[1497, 1952]
[1497, 1952]
[1497, 1952]
[1497, 1952]
[1497, 1952]
[1497, 1952]
[1497, 1952]
[1497, 1952]
[1497, 1952]
[1497, 1952]
[1497, 1952]
[1497, 1952]
[1497, 1952]
[1497, 1952]
[1497, 1952]
[1497, 1952]
[1497, 1952]
[1497, 1952]
[1497, 1952]
[1497, 1952]
[1497, 1952]
[1497, 1952]
[1497, 1952]
[1497, 1952]
[1497, 1952]
[1497, 1952]
[1497, 1952]
[1497, 1952]
[1497, 1952]
[1497, 1952]
[1497, 1952]
[1497, 1952]
[1497, 1952]
[1497, 1952]
[1497, 1952]
[1497, 1952]
[1497, 1952]
[1497, 1952]
[1497, 1952]
[1497, 1952]
[1497, 1952]
[1497, 1952]
[1497, 1952]
[1497, 1952]
[1497, 1952]
[1497, 1952]
[1497, 1952]
[1497, 1952]
[1497, 1952]
[1497, 1952]
[1497, 1952]
[1497, 1952]
[1497, 1952]
[1497, 1952]
[1497, 1952]
[1497, 1952]
[1497, 1952]
[1497, 1952]
[1497, 1952]
[1497, 1952]
[1497, 1952]
[1497, 1952]
[1497, 1952]
[1497, 1952]
[1497, 1952]
[1497, 1952]
[1497, 1952]
[1497, 1952]
[1497, 1952]
[1497, 1952]
[1497, 1952]
