[824, 1239]
[824, 1239]
[862, 1199]
[862, 1199]
[870, 1215]
[870, 1215]
[841, 1215]
[841, 1215]
[870, 1197]
[870, 1197]
[808, 1205]
[808, 1205]
[864, 1196]
[864, 1196]
[864, 1223]
[864, 1223]
[808, 1239]
[808, 1239]
[811, 1234]
[811, 1234]
[800, 1226]
[800, 1226]
[816, 1210]
[816, 1210]
[833, 1223]
[833, 1223]
[827, 1196]
[827, 1196]
[824, 1217]
[824, 1217]
[848, 1234]
[848, 1234]
[849, 1197]
[849, 1197]
[833, 1221]
[833, 1221]
[822, 1197]
[822, 1197]
[860, 1213]
[860, 1213]
[865, 1223]
[865, 1223]
[849, 1218]
[849, 1218]
[800, 1237]
[800, 1194]
[800, 1194]
[848, 1225]
[848, 1225]
[868, 1220]
[868, 1220]
[832, 1239]
[832, 1239]
[817, 1201]
[817, 1201]
[832, 1221]
[832, 1221]
[852, 1226]
[852, 1226]
[840, 1194]
[840, 1194]
[800, 1212]
[800, 1212]
[835, 1204]
[835, 1204]
[821, 1213]
[821, 1213]
[810, 1231]
[810, 1231]
[848, 1201]
[848, 1201]
[827, 1234]
[827, 1234]
[852, 1201]
[852, 1201]
[848, 1212]
[848, 1212]
[835, 1207]
[835, 1207]
[848, 1218]
[848, 1218]
[832, 1194]
[832, 1194]
[862, 1237]
[862, 1237]
[860, 1215]
[860, 1215]
[852, 1225]
[852, 1225]
[825, 1212]
[825, 1212]
[840, 1229]
[840, 1229]
[859, 1213]
[859, 1213]
[802, 1202]
[802, 1202]
[841, 1229]
[841, 1229]
[821, 1197]
[821, 1197]
[852, 1199]
[852, 1199]
[802, 1229]
[802, 1229]
[833, 1237]
[833, 1237]
[813, 1220]
[813, 1220]
[819, 1199]
[851, 1210]
[851, 1210]
[830, 1226]
[830, 1226]
[837, 1221]
[837, 1221]
[859, 1237]
[859, 1237]
[830, 1202]
[830, 1202]
[860, 1204]
[860, 1204]
[813, 1226]
[813, 1226]
[813, 1204]
[813, 1204]
[835, 1232]
[835, 1232]
[808, 1213]
[808, 1213]
[868, 1236]
[868, 1236]
[849, 1217]
[849, 1217]
[825, 1234]
[825, 1234]
[837, 1232]
[837, 1232]
[816, 1218]
[832, 1202]
[832, 1202]
[822, 1212]
[822, 1212]
[838, 1231]
[838, 1231]
[856, 1220]
[856, 1220]
[821, 1220]
[821, 1220]
[800, 1201]
[800, 1201]
[845, 1232]
[845, 1232]
[833, 1239]
[833, 1239]
[817, 1210]
[817, 1210]
[811, 1226]
[811, 1226]
[814, 1199]
[814, 1199]
[824, 1201]
[824, 1201]
[833, 1223]
[833, 1223]
[808, 1234]
[808, 1234]
[849, 1207]
[849, 1207]
[865, 1202]
[865, 1202]
[811, 1202]
[811, 1202]
[837, 1221]
[837, 1221]
[819, 1210]
[819, 1210]
[852, 1215]
[852, 1215]
[846, 1199]
[846, 1199]
[829, 1229]
[829, 1229]
[838, 1239]
[838, 1239]
[846, 1228]
[846, 1228]
[829, 1229]
[829, 1229]
[867, 1221]
[867, 1221]
[813, 1223]
[813, 1223]
[868, 1234]
[868, 1234]
[822, 1221]
[822, 1221]
[802, 1239]
[802, 1239]
[856, 1204]
[856, 1204]
[840, 1197]
[840, 1197]
[860, 1240]
[860, 1240]
[802, 1205]
[802, 1205]
[860, 1204]
[860, 1204]
[824, 1239]
[824, 1239]
[854, 1225]
[854, 1225]
[845, 1215]
[845, 1215]
[848, 1237]
[848, 1237]
[816, 1226]
[816, 1226]
[827, 1197]
[827, 1197]
[868, 1240]
[868, 1240]
[803, 1223]
[803, 1223]
[862, 1196]
[862, 1196]
[838, 1215]
[838, 1215]
[816, 1218]
