[802, 1213]
[802, 1213]
[865, 1026]
[865, 1026]
[609, 960]
[609, 960]
[841, 1217]
[841, 1217]
[857, 1088]
[857, 1088]
[666, 965]
[666, 965]
[803, 1228]
[803, 1228]
[837, 1027]
[837, 1027]
[619, 952]
[619, 952]
[860, 1215]
[860, 1215]
[854, 1081]
[854, 1081]
[607, 952]
[607, 952]
[856, 1210]
[856, 1210]
[808, 989]
[808, 989]
[639, 994]
[639, 994]
[817, 1220]
[817, 1220]
[852, 1078]
[852, 1078]
[529, 970]
[529, 970]
[800, 1223]
[800, 1223]
[841, 997]
[841, 997]
[662, 976]
[662, 976]
[843, 1196]
[843, 1196]
[803, 1057]
[803, 1057]
[531, 967]
[531, 967]
[870, 1215]
[870, 1215]
[816, 1010]
[816, 1010]
[584, 991]
[584, 991]
[832, 1213]
[832, 1213]
[808, 1091]
[808, 1091]
[650, 972]
[650, 972]
[849, 1240]
[849, 1240]
[870, 1007]
[870, 1007]
[607, 962]
[607, 962]
[817, 1218]
[817, 1218]
[811, 1086]
[811, 1086]
[620, 952]
[620, 952]
[838, 1194]
[838, 1194]
[825, 1024]
[825, 1024]
[533, 989]
[533, 989]
[835, 1207]
[835, 1207]
[868, 1075]
[868, 1075]
[619, 986]
[619, 986]
[825, 1232]
[825, 1232]
[870, 1026]
[870, 1026]
[657, 978]
[657, 978]
[845, 1215]
[845, 1215]
[806, 1086]
[806, 1086]
[545, 984]
[545, 984]
[817, 1239]
[817, 1239]
[808, 991]
[808, 991]
[515, 948]
[515, 948]
[864, 1197]
[864, 1197]
[864, 1197]
[819, 1057]
[819, 1057]
[641, 983]
[641, 983]
[817, 1229]
[817, 1229]
[802, 983]
[802, 983]
[619, 980]
[619, 980]
[859, 1199]
[859, 1199]
[808, 1092]
[808, 1092]
[615, 995]
[615, 995]
[825, 1215]
[825, 1215]
[802, 1022]
[802, 1022]
[662, 980]
[662, 980]
[867, 1220]
[867, 1220]
[813, 1062]
[539, 962]
[539, 962]
[813, 1209]
[813, 1209]
[806, 1015]
[806, 1015]
[697, 987]
[697, 987]
[817, 1240]
[817, 1240]
[829, 1081]
[829, 1081]
[671, 992]
[671, 992]
[814, 1210]
[814, 1210]
[865, 1019]
[865, 1019]
[671, 983]
[671, 983]
[857, 1209]
[857, 1209]
[864, 1078]
[864, 1078]
[560, 970]
[560, 970]
[868, 1231]
[868, 1231]
[840, 992]
[840, 992]
[518, 951]
[518, 951]
[857, 1220]
[857, 1220]
[819, 1083]
[819, 1083]
[572, 964]
[572, 964]
[829, 1231]
[829, 1231]
[835, 1026]
[835, 1026]
[544, 956]
[544, 956]
[841, 1197]
[841, 1197]
[810, 1092]
[810, 1092]
[545, 949]
[545, 949]
[803, 1228]
[803, 1228]
[824, 1005]
[824, 1005]
[528, 975]
[528, 975]
[811, 1225]
[811, 1225]
[830, 1070]
[830, 1070]
[550, 962]
[550, 962]
[830, 1221]
[830, 1221]
[825, 986]
[825, 986]
[606, 994]
[606, 994]
[814, 1221]
[814, 1221]
[867, 1064]
[867, 1064]
[692, 972]
[692, 972]
[862, 1196]
[862, 1196]
[816, 1024]
[816, 1024]
[706, 987]
[706, 987]
[810, 1232]
[810, 1232]
[800, 1069]
[800, 1069]
[590, 991]
[590, 991]
[819, 1202]
[819, 1202]
[803, 1027]
[803, 1027]
[547, 973]
[547, 973]
[814, 1197]
[814, 1197]
[857, 1077]
[857, 1077]
[533, 972]
[533, 972]
[845, 1199]
[845, 1199]
[824, 1016]
[824, 1016]
[700, 957]
[700, 957]
[857, 1226]
[857, 1226]
[849, 1062]
[849, 1062]
[558, 981]
[558, 981]
[838, 1212]
[838, 1212]
[824, 1015]
[824, 1015]
[517, 954]
[517, 954]
[857, 1225]
[857, 1225]
[845, 1057]
[845, 1057]
[539, 962]
[539, 962]
[805, 1239]
[805, 1239]
[851, 1026]
[851, 1026]
[539, 959]
[539, 959]
[810, 1237]
[810, 1237]
[800, 1088]
[800, 1088]
[682, 962]
[682, 962]
[819, 1204]
[819, 1204]
[817, 1005]
[817, 1005]
[682, 962]
[682, 962]
[800, 1234]
[800, 1234]
[813, 1072]
[813, 1072]
[619, 973]
[619, 973]
[813, 1232]
[813, 1232]
[838, 986]
[838, 986]
[658, 946]
[658, 946]
[833, 1215]
[833, 1215]
[870, 1092]
[870, 1092]
[541, 986]
[541, 986]
[813, 1223]
[813, 1223]
[802, 1013]
[802, 1013]
[719, 978]
[719, 978]
[808, 1226]
[808, 1226]
[821, 1089]
[821, 1089]
[687, 989]
[687, 989]
[868, 1218]
[868, 1218]
[870, 1015]
[870, 1015]
[660, 951]
[660, 951]
[840, 1212]
[840, 1212]
[848, 1051]
[848, 1051]
[547, 970]
[547, 970]
[825, 1209]
[825, 1209]
[838, 981]
[838, 981]
[521, 983]
[521, 983]
[835, 1202]
[835, 1202]
[868, 1069]
[868, 1069]
[604, 991]
[604, 991]
[829, 1207]
[829, 1207]
[829, 1011]
[829, 1011]
[690, 972]
[690, 972]
[860, 1226]
[860, 1226]
[840, 1062]
[840, 1062]
[655, 949]
[655, 949]
[868, 1231]
[868, 1231]
[833, 992]
[833, 992]
[577, 983]
[577, 983]
[852, 1218]
[852, 1218]
[810, 1053]
[810, 1053]
[681, 967]
[681, 967]
[864, 1210]
[864, 1210]
[867, 1011]
[867, 1011]
[609, 975]
[609, 975]
[841, 1234]
[841, 1234]
[813, 1092]
[813, 1092]
[556, 957]
[556, 957]
[852, 1223]
[852, 1223]
[803, 983]
[803, 983]
[654, 980]
[654, 980]
[825, 1218]
[825, 1218]
[821, 1083]
[821, 1083]
[619, 967]
[619, 967]
[800, 1234]
[800, 1234]
[848, 1015]
[848, 1015]
[638, 956]
[638, 956]
[851, 1209]
[851, 1209]
[800, 1070]
[800, 1070]
[662, 954]
[662, 954]
[833, 1197]
[833, 1197]
[822, 1015]
[822, 1015]
[649, 959]
[649, 959]
[841, 1213]
[841, 1213]
[840, 1048]
[840, 1048]
[652, 981]
[652, 981]
[851, 1204]
[851, 1204]
[816, 995]
[816, 995]
[666, 954]
[666, 954]
[666, 954]
[870, 1217]
[870, 1217]
[846, 1061]
[846, 1061]
[717, 948]
[717, 948]
[848, 1201]
[848, 1201]
[857, 1000]
[857, 1000]
[689, 973]
[689, 973]
[813, 1229]
[813, 1229]
[846, 1051]
[846, 1051]
[674, 975]
[674, 975]
[838, 1221]
[838, 1221]
[857, 1019]
[857, 1019]
[720, 967]
[720, 967]
[816, 1228]
[816, 1228]
[802, 1053]
[802, 1053]
[716, 957]
[716, 957]
[865, 1221]
[865, 1221]
[851, 1008]
[851, 1008]
[518, 978]
[518, 978]
[843, 1236]
[843, 1236]
[837, 1077]
[837, 1077]
[609, 965]
[609, 965]
[833, 1221]
[833, 1221]
[829, 1011]
[829, 1011]
[537, 980]
[537, 980]
[805, 1220]
[805, 1220]
[859, 1086]
[859, 1086]
[585, 957]
[585, 957]
[838, 1218]
[838, 1218]
[851, 1018]
[851, 1018]
[684, 948]
[684, 948]
[854, 1212]
[854, 1212]
[867, 1088]
[867, 1088]
[647, 991]
[647, 991]
[830, 1237]
[830, 1237]
[868, 999]
[868, 999]
[719, 975]
[719, 975]
[819, 1196]
[819, 1196]
[845, 1081]
[845, 1081]
[700, 995]
[700, 995]
[856, 1196]
[856, 1196]
[835, 1010]
[835, 1010]
[577, 991]
[577, 991]
[837, 1194]
[837, 1194]
[852, 1077]
[852, 1077]
[598, 960]
[598, 960]
[845, 1240]
[845, 1240]
[833, 1002]
[833, 1002]
[689, 959]
[689, 959]
[835, 1229]
[835, 1229]
[870, 1070]
[870, 1070]
[711, 999]
[711, 999]
[822, 1194]
[822, 1194]
[806, 984]
[806, 984]
[706, 957]
[706, 957]
[811, 1205]
[811, 1205]
[827, 1088]
[827, 1088]
[561, 957]
[561, 957]
[846, 1194]
[846, 1194]
[829, 1018]
[829, 1018]
[612, 989]
[612, 989]
[808, 1231]
[808, 1231]
[864, 1091]
[864, 1091]
[576, 997]
[576, 997]
[817, 1226]
[817, 1226]
[810, 1021]
[810, 1021]
[665, 964]
[665, 964]
[852, 1220]
[852, 1220]
[849, 1062]
[849, 1062]
[628, 968]
[628, 968]
[845, 1218]
[841, 987]
[841, 987]
[590, 978]
[590, 978]
[857, 1221]
[857, 1221]
[849, 1062]
[849, 1062]
[652, 975]
[848, 1201]
[854, 981]
[854, 981]
[591, 973]
[591, 973]
[830, 1201]
[830, 1201]
[833, 1054]
[833, 1054]
[623, 991]
[623, 991]
[802, 1210]
[802, 1210]
[805, 987]
[805, 987]
[596, 952]
[596, 952]
[825, 1231]
[825, 1231]
[805, 1064]
[805, 1064]
[603, 976]
[603, 976]
[846, 1237]
[846, 1237]
[827, 1016]
[827, 1016]
[606, 992]
[606, 992]
[838, 1196]
[838, 1196]
[835, 1057]
[835, 1057]
[588, 952]
[588, 952]
[824, 1232]
[824, 1232]
[865, 1011]
[865, 1011]
[687, 952]
[687, 952]
[814, 1218]
[814, 1218]
[841, 1046]
[841, 1046]
[593, 949]
[593, 949]
[837, 1202]
[837, 1202]
[822, 995]
[822, 995]
[662, 957]
[662, 957]
[851, 1220]
[851, 1220]
[864, 1077]
[864, 1077]
[647, 951]
[647, 951]
[816, 1212]
[816, 1212]
[841, 1003]
[841, 1003]
[662, 992]
[662, 992]
[841, 1237]
[840, 1062]
[840, 1062]
[674, 948]
[674, 948]
[814, 1234]
[814, 1234]
[832, 989]
[832, 989]
[711, 981]
[711, 981]
[857, 1204]
[857, 1204]
[857, 1204]
[821, 1091]
[821, 1091]
[674, 997]
[674, 997]
[848, 1231]
[848, 1231]
[843, 999]
[843, 999]
[544, 964]
[544, 964]
[862, 1221]
[862, 1221]
[824, 1059]
[824, 1059]
[698, 976]
[698, 976]
[845, 1212]
[845, 1212]
[814, 984]
[814, 984]
[529, 959]
[529, 959]
[800, 1202]
[800, 1202]
[837, 1046]
[837, 1046]
[649, 991]
[649, 991]
[832, 1202]
[832, 1202]
[827, 983]
[827, 983]
[550, 970]
[550, 970]
[862, 1209]
[862, 1209]
[806, 1091]
[806, 1091]
[529, 976]
[529, 976]
[851, 1220]
[851, 1220]
[816, 1016]
[816, 1016]
[518, 984]
[518, 984]
[845, 1217]
[845, 1217]
[846, 1077]
[846, 1077]
[584, 983]
[584, 983]
[821, 1221]
[821, 1221]
[849, 1021]
[849, 1021]
[553, 995]
[553, 995]
[852, 1240]
[852, 1240]
[822, 1089]
[822, 1089]
[695, 995]
[695, 995]
[832, 1236]
[832, 1236]
[849, 1027]
[849, 1027]
[630, 992]
[630, 992]
[813, 1225]
[813, 1225]
[835, 1092]
[835, 1092]
[536, 970]
[536, 970]
[870, 1237]
[870, 1237]
[864, 1000]
[864, 1000]
[649, 997]
[649, 997]
[829, 1199]
[829, 1199]
[845, 1067]
[845, 1067]
[550, 978]
[550, 978]
[803, 1237]
[803, 1237]
[810, 981]
[810, 981]
[668, 984]
[668, 984]
[813, 1196]
[813, 1196]
[837, 1065]
[837, 1065]
[685, 948]
[685, 948]
[852, 1223]
[852, 1223]
[868, 989]
[868, 989]
[556, 946]
[556, 946]
[854, 1231]
[854, 1231]
[856, 1056]
[856, 1056]
[547, 949]
[547, 949]
[814, 1194]
[814, 1194]
[854, 984]
[854, 984]
[550, 964]
[550, 964]
[821, 1239]
[821, 1239]
[821, 1067]
[821, 1067]
[542, 972]
[542, 972]
[819, 1228]
[819, 1228]
[833, 987]
[833, 987]
[642, 965]
[642, 965]
[857, 1202]
[857, 1202]
[830, 1054]
[830, 1054]
[631, 959]
[631, 959]
[829, 1218]
[829, 1218]
[851, 1000]
[851, 1000]
[681, 978]
[681, 978]
[819, 1212]
[819, 1212]
[865, 1046]
[865, 1046]
[593, 994]
[593, 994]
[816, 1232]
[816, 1232]
[817, 1008]
[817, 1008]
[630, 978]
[630, 978]
[808, 1209]
[808, 1209]
[806, 1070]
[806, 1070]
[569, 992]
[569, 992]
[833, 1194]
[833, 1194]
[841, 995]
[841, 995]
[609, 997]
[609, 997]
[813, 1212]
[813, 1212]
[849, 1089]
[849, 1089]
[558, 991]
[558, 991]
[845, 1239]
[845, 1239]
[870, 1002]
[870, 1002]
[622, 980]
[622, 980]
[811, 1234]
[811, 1234]
[854, 1050]
[854, 1050]
[671, 951]
[671, 951]
[857, 1220]
[857, 1220]
[808, 1000]
[808, 1000]
[662, 946]
[662, 946]
[803, 1220]
[803, 1220]
[862, 1048]
[862, 1048]
[568, 978]
[568, 978]
[806, 1199]
[806, 1199]
[837, 1003]
[837, 1003]
[657, 972]
[657, 972]
[868, 1240]
[868, 1240]
[837, 1056]
[837, 1056]
[531, 951]
[531, 951]
[852, 1212]
[852, 1212]
[819, 989]
[819, 989]
[552, 972]
[552, 972]
[864, 1201]
[824, 1059]
[824, 1059]
[704, 948]
[704, 948]
[841, 1220]
[841, 1220]
[810, 1005]
[810, 1005]
[720, 981]
[720, 981]
[833, 1232]
[833, 1232]
[810, 1051]
[810, 1051]
[606, 972]
[606, 972]
[860, 1237]
[860, 1237]
[846, 999]
[846, 999]
[584, 949]
[584, 949]
[829, 1213]
[829, 1213]
[814, 1065]
[814, 1065]
[558, 997]
[558, 997]
[867, 1220]
[867, 1220]
[810, 1024]
[810, 1024]
[599, 976]
[599, 976]
[837, 1232]
[837, 1232]
[803, 1067]
[803, 1067]
[639, 995]
[639, 995]
[811, 1207]
[811, 1207]
[830, 1019]
[830, 1019]
[668, 948]
[668, 948]
[862, 1217]
[862, 1217]
[833, 1083]
[833, 1083]
[612, 991]
[612, 991]
[814, 1194]
[814, 1194]
[851, 1022]
[851, 1022]
[542, 995]
[542, 995]
[849, 1196]
[849, 1196]
[840, 1086]
[840, 1086]
[525, 997]
[525, 997]
[838, 1228]
[838, 1228]
[837, 1027]
[837, 1027]
[698, 995]
[698, 995]
[849, 1232]
[849, 1232]
[811, 1070]
[811, 1070]
[561, 997]
[561, 997]
[830, 1237]
[830, 1237]
[811, 999]
[811, 999]
[584, 986]
[584, 986]
[849, 1210]
[849, 1210]
[835, 1081]
[835, 1081]
[674, 959]
[674, 959]
[864, 1221]
[864, 1221]
[813, 1018]
[813, 1018]
[515, 983]
[515, 983]
[817, 1197]
[817, 1197]
[814, 1051]
[814, 1051]
[523, 970]
[523, 970]
[859, 1210]
[859, 1210]
[854, 1016]
[854, 1016]
[636, 952]
[636, 952]
[865, 1196]
[865, 1196]
[803, 1078]
[803, 1078]
[697, 970]
[697, 970]
[806, 1204]
[806, 1204]
[817, 999]
[817, 999]
[668, 962]
[668, 962]
[870, 1220]
[870, 1220]
[845, 1067]
[845, 1067]
[572, 978]
[572, 978]
[811, 1228]
[811, 1228]
[856, 984]
[856, 984]
[599, 978]
[599, 978]
[805, 1204]
[805, 1204]
[851, 1073]
[851, 1073]
[626, 997]
[626, 997]
[846, 1212]
[846, 1212]
[862, 1024]
[862, 1024]
[563, 959]
[563, 959]
[563, 959]
[813, 1194]
[813, 1194]
[838, 1069]
[838, 1069]
[690, 986]
[690, 986]
[841, 1215]
[841, 1215]
[817, 1021]
[817, 1021]
[689, 987]
[689, 987]
[868, 1202]
[868, 1202]
[817, 1088]
[817, 1088]
[561, 952]
[561, 952]
[864, 1220]
[864, 1220]
[860, 1002]
[860, 1002]
[556, 954]
[556, 954]
[868, 1204]
[868, 1204]
[852, 1056]
[852, 1056]
[623, 975]
[623, 975]
[822, 1232]
[822, 1232]
[865, 986]
[865, 986]
[533, 962]
[533, 962]
[816, 1210]
[816, 1210]
[870, 1067]
[870, 1067]
[674, 976]
[674, 976]
[813, 1202]
[813, 1202]
[840, 1013]
[840, 1013]
[569, 975]
[569, 975]
[849, 1201]
[849, 1201]
[870, 1078]
[870, 1078]
[700, 954]
[700, 954]
[852, 1223]
[852, 1223]
[840, 987]
[840, 987]
[591, 968]
[591, 968]
[860, 1212]
[860, 1212]
[811, 1077]
[811, 1077]
[628, 949]
[628, 949]
[865, 1209]
[865, 1209]
[854, 992]
[854, 992]
[612, 960]
[612, 960]
[856, 1234]
[856, 1234]
[816, 1046]
[816, 1046]
[711, 995]
[711, 995]
[854, 1210]
[854, 1210]
[829, 1003]
[829, 1003]
[587, 975]
[587, 975]
[837, 1199]
[837, 1199]
[830, 1092]
[830, 1092]
[620, 946]
[620, 946]
[841, 1232]
[841, 1232]
[806, 999]
[806, 999]
[679, 956]
[679, 956]
[846, 1225]
[846, 1225]
[805, 1089]
[805, 1089]
[536, 962]
[536, 962]
[843, 1232]
[843, 1232]
[813, 1008]
[813, 1008]
[615, 948]
[615, 948]
[856, 1199]
[856, 1199]
[843, 1089]
[843, 1089]
[671, 984]
[671, 984]
[857, 1207]
[857, 1207]
[821, 1027]
[821, 1027]
[631, 954]
[631, 954]
[824, 1205]
[824, 1205]
[859, 1059]
[859, 1059]
[681, 970]
[681, 970]
[867, 1223]
[867, 1223]
[854, 986]
[854, 986]
[523, 967]
[523, 967]
[811, 1201]
[811, 1201]
[867, 1050]
[867, 1050]
[676, 954]
[676, 954]
[835, 1218]
[835, 1218]
[805, 983]
[805, 983]
[619, 995]
[619, 995]
[837, 1202]
[837, 1202]
[832, 1073]
[832, 1073]
[681, 983]
[681, 983]
[802, 1231]
[802, 1231]
[870, 1003]
[870, 1003]
[709, 946]
[709, 946]
[846, 1240]
[846, 1240]
[845, 1057]
[845, 1057]
[533, 991]
[533, 991]
[825, 1212]
[825, 1212]
[810, 984]
[810, 984]
[692, 965]
[692, 965]
[833, 1217]
[833, 1217]
[832, 1084]
[832, 1084]
[628, 986]
[628, 986]
[810, 1210]
[810, 1210]
[851, 986]
[851, 986]
[711, 987]
[711, 987]
[848, 1205]
[848, 1205]
[805, 1064]
[805, 1064]
[623, 980]
[623, 980]
[827, 1226]
[827, 1226]
[867, 1024]
[867, 1024]
[633, 968]
[633, 968]
[843, 1205]
[843, 1205]
[846, 1065]
[846, 1065]
[537, 954]
[537, 954]
[843, 1239]
[843, 1239]
[846, 1022]
[846, 1022]
[626, 959]
[626, 959]
[817, 1212]
[817, 1212]
[833, 1073]
[833, 1073]
[628, 973]
[628, 973]
[829, 1239]
[829, 1239]
[824, 981]
[824, 981]
[663, 962]
[663, 962]
[851, 1215]
[851, 1215]
[813, 1080]
[813, 1080]
[529, 992]
[529, 992]
[822, 1202]
[822, 1202]
[814, 1021]
[814, 1021]
[682, 983]
[682, 983]
[838, 1226]
[838, 1226]
[819, 1061]
[819, 1061]
[644, 960]
[644, 960]
[806, 1213]
[806, 1213]
[813, 989]
[813, 989]
[673, 978]
[673, 978]
[845, 1204]
[845, 1204]
[845, 1084]
[845, 1084]
[537, 983]
[537, 983]
[810, 1229]
[810, 1229]
[822, 984]
[822, 984]
[684, 989]
[684, 989]
[817, 1204]
[817, 1204]
[805, 1091]
[805, 1091]
[642, 978]
[642, 978]
[811, 1225]
[811, 1225]
[868, 997]
[868, 997]
[549, 967]
[549, 967]
[835, 1194]
[835, 1194]
[865, 1081]
[865, 1081]
[544, 956]
[544, 956]
[832, 1204]
[832, 1204]
[865, 1021]
[865, 1021]
[657, 965]
[657, 965]
[822, 1220]
[822, 1220]
[841, 1057]
[841, 1057]
[692, 949]
[692, 949]
[824, 1197]
[824, 1197]
[859, 1021]
[859, 1021]
[571, 964]
[571, 964]
[811, 1215]
[811, 1215]
[856, 1050]
[633, 968]
[633, 968]
[838, 1232]
[838, 1232]
[837, 997]
[837, 997]
[531, 948]
[531, 948]
[838, 1215]
[838, 1215]
[870, 1084]
[539, 946]
[539, 946]
[837, 1228]
[837, 1228]
[852, 1005]
[852, 1005]
[698, 981]
[698, 981]
[808, 1231]
[808, 1231]
[813, 1054]
[813, 1054]
[706, 959]
[706, 959]
[859, 1231]
[859, 1231]
[829, 1016]
[829, 1016]
[517, 973]
[517, 973]
[824, 1226]
[824, 1226]
[825, 1089]
[825, 1089]
[662, 975]
[662, 975]
[848, 1196]
[848, 1196]
[851, 1015]
[851, 1015]
[615, 957]
[615, 957]
[852, 1237]
[852, 1237]
[833, 1092]
[833, 1092]
[550, 964]
[550, 964]
[857, 1209]
[857, 1209]
[822, 1026]
[822, 1026]
[585, 972]
[585, 972]
[835, 1221]
[835, 1221]
[840, 1080]
[840, 1080]
[652, 999]
[652, 999]
[852, 1196]
[852, 1196]
[868, 984]
[868, 984]
[569, 951]
[569, 951]
[848, 1199]
[848, 1199]
[857, 1053]
[857, 1053]
[521, 952]
[521, 952]
[857, 1232]
[857, 1232]
[849, 1016]
[849, 1016]
[584, 989]
[584, 989]
[813, 1239]
[813, 1239]
[854, 1083]
[854, 1083]
[609, 949]
[609, 949]
[838, 1218]
[838, 1218]
[843, 1000]
[843, 1000]
[712, 970]
[712, 970]
[827, 1220]
[829, 1229]
[829, 1229]
[860, 1000]
[860, 1000]
[838, 1239]
[838, 1239]
[811, 1091]
[811, 1091]
[587, 960]
[587, 960]
[846, 1228]
[846, 1228]
[808, 981]
[808, 981]
[711, 972]
[711, 972]
[829, 1229]
[829, 1229]
[824, 1081]
[824, 1081]
[690, 964]
[690, 964]
[867, 1221]
[867, 1221]
[832, 1007]
[832, 1007]
[813, 1223]
[813, 1223]
[821, 1069]
[821, 1069]
[868, 1234]
[868, 1234]
[835, 992]
[835, 992]
[835, 992]
[822, 1221]
[822, 1221]
[845, 1062]
[845, 1062]
[802, 1239]
[802, 1239]
[817, 1015]
[817, 1015]
[856, 1204]
[856, 1204]
[800, 1051]
[800, 1051]
[840, 1197]
[840, 1197]
[802, 992]
[802, 992]
[604, 1002]
[604, 1002]
[860, 1240]
[860, 1240]
[870, 1086]
[870, 1086]
[674, 975]
[674, 975]
[802, 1205]
[802, 1205]
[851, 1018]
[851, 1018]
[525, 946]
[525, 946]
[860, 1204]
[860, 1204]
[819, 1065]
[819, 1065]
[560, 957]
[560, 957]
[824, 1239]
[824, 1239]
[810, 997]
[810, 997]
[695, 1000]
[695, 1000]
[854, 1225]
[854, 1225]
[849, 1070]
[849, 1070]
[706, 983]
[706, 983]
[845, 1215]
[845, 1215]
[856, 1002]
[856, 1002]
[529, 959]
[529, 959]
[848, 1237]
[848, 1237]
[867, 1078]
[867, 1078]
[706, 959]
[706, 959]
[816, 1226]
[816, 1226]
[805, 1027]
[805, 1027]
[541, 967]
[541, 967]
[827, 1197]
[827, 1197]
[803, 1065]
[803, 1065]
[644, 964]
[644, 964]
[868, 1240]
[868, 1240]
[838, 992]
[838, 992]
[671, 986]
[671, 986]
[803, 1223]
[803, 1223]
[867, 1056]
[867, 1056]
[525, 952]
[525, 952]
[862, 1196]
[862, 1196]
[824, 994]
[824, 994]
[684, 962]
[684, 962]
[838, 1215]
[838, 1215]
[856, 1050]
[856, 1050]
[668, 976]
[668, 976]
[816, 1218]
[816, 1218]
[841, 1016]
[841, 1016]
[525, 964]
[525, 964]
[832, 1202]
[832, 1202]
[829, 1069]
[550, 956]
[550, 956]
[822, 1212]
[822, 1212]
[859, 1021]
[859, 1021]
[706, 962]
[706, 962]
[838, 1231]
[838, 1231]
[832, 1048]
[832, 1048]
[722, 959]
[722, 959]
[856, 1220]
[856, 1220]
[805, 1007]
[805, 1007]
[636, 978]
[636, 978]
[821, 1220]
[821, 1220]
[843, 1048]
[843, 1048]
[606, 946]
[606, 946]
[800, 1201]
[800, 1201]
[832, 987]
[832, 987]
[650, 999]
[650, 999]
[845, 1232]
[845, 1232]
[806, 1077]
[806, 1077]
[574, 999]
[574, 999]
[833, 1239]
[833, 1239]
[800, 1018]
[800, 1018]
[646, 1002]
[646, 1002]
[817, 1210]
[817, 1210]
[848, 1056]
[848, 1056]
[708, 976]
[708, 976]
[811, 1226]
[811, 1226]
[830, 986]
[830, 986]
[725, 980]
[725, 980]
[814, 1199]
[814, 1199]
[805, 1086]
[805, 1086]
[720, 959]
[720, 959]
[824, 1201]
[824, 1201]
[816, 1015]
[816, 1015]
[725, 946]
[725, 946]
[833, 1223]
[833, 1223]
[867, 1070]
[867, 1070]
[690, 1000]
[690, 1000]
[808, 1234]
[808, 1234]
[837, 1005]
[837, 1005]
[626, 987]
[626, 987]
[849, 1207]
[849, 1207]
[864, 1088]
[864, 1088]
[709, 949]
[709, 949]
[865, 1202]
[865, 1202]
[841, 1013]
[841, 1013]
[533, 976]
[533, 976]
[811, 1202]
[811, 1202]
[816, 1069]
[816, 1069]
[572, 978]
[837, 1221]
[837, 1221]
[856, 994]
[856, 994]
[679, 994]
[679, 994]
[819, 1210]
[819, 1210]
[814, 1062]
[814, 1062]
[698, 960]
[698, 960]
[852, 1215]
[852, 1215]
[862, 1024]
[862, 1024]
[708, 960]
[708, 960]
[867, 1240]
[867, 1240]
[802, 1050]
[802, 1050]
[545, 989]
[545, 989]
[846, 1199]
[846, 1199]
[833, 1013]
[833, 1013]
[867, 984]
[660, 964]
[660, 964]
[825, 1212]
[825, 1212]
[805, 1046]
[805, 1046]
[720, 987]
[720, 987]
[840, 1229]
[840, 1229]
[845, 1003]
[845, 1003]
[577, 967]
[577, 967]
[859, 1213]
[859, 1213]
[854, 1078]
[854, 1078]
[701, 946]
[701, 946]
[802, 1202]
[802, 1202]
[843, 995]
[843, 995]
[529, 965]
[529, 965]
[841, 1229]
[841, 1229]
[829, 1083]
[829, 1083]
[638, 952]
[638, 952]
[821, 1197]
[821, 1197]
[817, 986]
[817, 986]
[569, 972]
[569, 972]
[852, 1199]
[852, 1199]
[845, 1064]
[845, 1064]
[708, 946]
[708, 946]
[802, 1229]
[802, 1229]
[814, 1002]
[814, 1002]
[692, 997]
[692, 997]
[833, 1237]
[833, 1237]
[810, 1061]
[810, 1061]
[695, 965]
[695, 965]
[813, 1220]
[813, 1220]
[813, 1008]
[813, 1008]
[571, 978]
[571, 978]
[819, 1199]
[870, 1056]
[870, 1056]
[693, 976]
[693, 976]
[851, 1210]
[851, 1210]
[811, 1016]
[811, 1016]
[701, 962]
[701, 962]
[830, 1226]
[830, 1226]
[849, 1051]
[849, 1051]
[676, 952]
[676, 952]
[837, 1221]
[837, 1221]
[810, 987]
[810, 987]
[612, 983]
[612, 983]
[859, 1237]
[859, 1237]
[805, 1070]
[805, 1070]
[830, 1202]
[830, 1202]
[856, 1019]
[856, 1019]
[860, 1204]
[860, 1204]
[840, 1065]
[840, 1065]
[813, 1226]
[813, 1226]
[800, 1021]
[800, 1021]
[800, 1021]
[813, 1204]
[813, 1204]
[854, 1078]
[854, 1078]
[835, 1232]
[835, 1232]
[867, 1026]
[867, 1026]
[808, 1213]
[808, 1213]
[843, 1091]
[843, 1091]
[868, 1236]
[868, 1236]
[845, 1015]
[845, 1015]
[849, 1217]
[849, 1217]
[832, 1092]
[832, 1092]
[634, 989]
[634, 989]
[825, 1234]
[825, 1234]
[825, 991]
[825, 991]
[668, 965]
[668, 965]
[837, 1232]
[837, 1232]
[813, 1073]
[813, 1073]
[523, 960]
[523, 960]
[800, 1194]
[800, 1194]
[825, 1026]
[825, 1026]
[553, 983]
[553, 983]
[848, 1225]
[848, 1225]
[802, 1054]
[802, 1054]
[695, 948]
[695, 948]
[868, 1220]
[868, 1220]
[813, 1008]
[813, 1008]
[518, 965]
[518, 965]
[832, 1239]
[832, 1239]
[862, 1065]
[862, 1065]
[563, 972]
[563, 972]
[817, 1201]
[817, 1201]
[862, 1007]
[862, 1007]
[647, 975]
[647, 975]
[832, 1221]
[832, 1221]
[805, 1053]
[805, 1053]
[601, 957]
[601, 957]
[852, 1226]
[852, 1226]
[868, 1015]
[868, 1015]
[642, 946]
[642, 946]
[840, 1194]
[840, 1194]
[843, 1083]
[843, 1083]
[547, 959]
[547, 959]
[800, 1212]
[800, 1212]
[852, 997]
[852, 997]
[636, 964]
[636, 964]
[835, 1204]
[835, 1204]
[825, 1084]
[825, 1084]
[563, 975]
[563, 975]
[821, 1213]
[821, 1213]
[832, 995]
[832, 995]
[626, 992]
[626, 992]
[810, 1231]
[810, 1231]
[862, 1069]
[862, 1069]
[626, 957]
[626, 957]
[848, 1201]
[848, 1201]
[808, 1013]
[808, 1013]
[615, 978]
[615, 978]
[827, 1234]
[827, 1234]
[864, 1057]
[864, 1057]
[588, 981]
[588, 981]
[852, 1201]
[852, 1201]
[814, 1000]
[814, 1000]
[572, 962]
[572, 962]
[848, 1212]
[848, 1212]
[819, 1080]
[819, 1080]
[682, 991]
[682, 991]
[835, 1207]
[835, 1207]
[856, 994]
[856, 994]
[582, 972]
[582, 972]
[848, 1218]
[848, 1218]
[854, 1080]
[854, 1080]
[654, 946]
[654, 946]
[832, 1194]
[832, 1194]
[813, 1019]
[813, 1019]
[639, 973]
[639, 973]
[862, 1237]
[862, 1237]
[859, 1048]
[859, 1048]
[576, 989]
[576, 989]
[860, 1215]
[860, 1215]
[848, 1013]
[848, 1013]
[676, 972]
[676, 972]
[852, 1225]
[852, 1225]
[838, 1088]
[824, 1239]
[824, 1239]
[848, 1000]
[848, 1000]
[652, 981]
[652, 981]
[862, 1199]
[862, 1199]
[821, 1064]
[821, 1064]
[663, 989]
[663, 989]
[870, 1215]
[870, 1215]
[806, 1024]
[806, 1024]
[654, 954]
[654, 954]
[841, 1215]
[841, 1215]
[816, 1073]
[816, 1073]
[595, 975]
[595, 975]
[870, 1197]
[870, 1197]
[840, 1013]
[840, 1013]
[544, 994]
[544, 994]
[808, 1205]
[808, 1205]
[832, 1069]
[832, 1069]
[576, 975]
[576, 975]
[864, 1196]
[864, 1196]
[854, 1008]
[854, 1008]
[639, 1002]
[639, 1002]
[864, 1223]
[864, 1223]
[841, 1062]
[841, 1062]
[566, 951]
[566, 951]
[808, 1239]
[808, 1239]
[857, 1011]
[857, 1011]
[537, 964]
[537, 964]
[811, 1234]
[811, 1234]
[819, 1056]
[819, 1056]
[531, 951]
[531, 951]
[800, 1226]
[800, 1226]
[860, 1008]
[860, 1008]
[563, 980]
[816, 1210]
[816, 1210]
[813, 1086]
[813, 1086]
[674, 976]
[674, 976]
[833, 1223]
[833, 1223]
[862, 1019]
[862, 1019]
[647, 989]
[647, 989]
[827, 1196]
[827, 1196]
[845, 1065]
[845, 1065]
[571, 995]
[571, 995]
[824, 1217]
[824, 1217]
[867, 1005]
[867, 1005]
[552, 976]
[552, 976]
[848, 1234]
[848, 1234]
[805, 1077]
[805, 1077]
[662, 967]
[662, 967]
[849, 1197]
[849, 1197]
[835, 1026]
[835, 1026]
[663, 946]
[663, 946]
[833, 1221]
[833, 1221]
[829, 1056]
[829, 1056]
[692, 997]
[692, 997]
[822, 1197]
[822, 1197]
[868, 994]
[868, 994]
[541, 973]
[541, 973]
[860, 1213]
[860, 1213]
[862, 1053]
[862, 1053]
[625, 994]
[625, 994]
[865, 1223]
[865, 1223]
[867, 1021]
[867, 1021]
[615, 960]
[615, 960]
[849, 1218]
[849, 1218]
[819, 1054]
[819, 1054]
[674, 995]
[674, 995]
[800, 1237]
