[829, 1229]
[829, 1229]
[860, 1000]
[860, 1000]
[838, 1239]
[838, 1239]
[811, 1091]
[811, 1091]
[587, 960]
[587, 960]
[846, 1228]
[846, 1228]
[808, 981]
[808, 981]
[711, 972]
[711, 972]
[829, 1229]
[829, 1229]
[824, 1081]
[824, 1081]
[690, 964]
[690, 964]
[867, 1221]
[867, 1221]
[832, 1007]
[832, 1007]
[813, 1223]
[813, 1223]
[821, 1069]
[821, 1069]
[868, 1234]
[868, 1234]
[835, 992]
[835, 992]
[835, 992]
[822, 1221]
[822, 1221]
[845, 1062]
[845, 1062]
[802, 1239]
[802, 1239]
[817, 1015]
[817, 1015]
[856, 1204]
[856, 1204]
[800, 1051]
[800, 1051]
[840, 1197]
[840, 1197]
[802, 992]
[802, 992]
[604, 1002]
[604, 1002]
[860, 1240]
[860, 1240]
[870, 1086]
[870, 1086]
[674, 975]
[674, 975]
[802, 1205]
[802, 1205]
[851, 1018]
[851, 1018]
[525, 946]
[525, 946]
[860, 1204]
[860, 1204]
[819, 1065]
[819, 1065]
[560, 957]
[560, 957]
[824, 1239]
[824, 1239]
[810, 997]
[810, 997]
[695, 1000]
[695, 1000]
[854, 1225]
[854, 1225]
[849, 1070]
[849, 1070]
[706, 983]
[706, 983]
[845, 1215]
[845, 1215]
[856, 1002]
[856, 1002]
[529, 959]
[529, 959]
[848, 1237]
[848, 1237]
[867, 1078]
[867, 1078]
[706, 959]
[706, 959]
[816, 1226]
[816, 1226]
[805, 1027]
[805, 1027]
[541, 967]
[541, 967]
[827, 1197]
[827, 1197]
[803, 1065]
[803, 1065]
[644, 964]
[644, 964]
[868, 1240]
[868, 1240]
[838, 992]
[838, 992]
[671, 986]
[671, 986]
[803, 1223]
[803, 1223]
[867, 1056]
[867, 1056]
[525, 952]
[525, 952]
[862, 1196]
[862, 1196]
[824, 994]
[824, 994]
[684, 962]
[684, 962]
[838, 1215]
[838, 1215]
[856, 1050]
[856, 1050]
[668, 976]
[668, 976]
[816, 1218]
[816, 1218]
[841, 1016]
[841, 1016]
[525, 964]
[525, 964]
[832, 1202]
[832, 1202]
[829, 1069]
[550, 956]
[550, 956]
[822, 1212]
[822, 1212]
[859, 1021]
[859, 1021]
[706, 962]
[706, 962]
[838, 1231]
[838, 1231]
[832, 1048]
[832, 1048]
[722, 959]
[722, 959]
[856, 1220]
[856, 1220]
[805, 1007]
[805, 1007]
[636, 978]
[636, 978]
[821, 1220]
[821, 1220]
[843, 1048]
[843, 1048]
[606, 946]
[606, 946]
[800, 1201]
[800, 1201]
[832, 987]
[832, 987]
[650, 999]
[650, 999]
[845, 1232]
[845, 1232]
[806, 1077]
[806, 1077]
[574, 999]
[574, 999]
[833, 1239]
[833, 1239]
[800, 1018]
[800, 1018]
[646, 1002]
[646, 1002]
[817, 1210]
[817, 1210]
[848, 1056]
[848, 1056]
[708, 976]
[708, 976]
[811, 1226]
[811, 1226]
[830, 986]
[830, 986]
[725, 980]
[725, 980]
[814, 1199]
[814, 1199]
[805, 1086]
[805, 1086]
[720, 959]
[720, 959]
[824, 1201]
[824, 1201]
[816, 1015]
[816, 1015]
[725, 946]
[725, 946]
[833, 1223]
[833, 1223]
[867, 1070]
[867, 1070]
[690, 1000]
[690, 1000]
[808, 1234]
[808, 1234]
[837, 1005]
[837, 1005]
[626, 987]
[626, 987]
[849, 1207]
[849, 1207]
[864, 1088]
[864, 1088]
[709, 949]
[709, 949]
[865, 1202]
[865, 1202]
[841, 1013]
[841, 1013]
[533, 976]
[533, 976]
[811, 1202]
[811, 1202]
[816, 1069]
[816, 1069]
[572, 978]
[837, 1221]
[837, 1221]
[856, 994]
[856, 994]
[679, 994]
[679, 994]
[819, 1210]
[819, 1210]
[814, 1062]
[814, 1062]
[698, 960]
[698, 960]
[852, 1215]
[852, 1215]
[862, 1024]
[862, 1024]
[708, 960]
[708, 960]
[867, 1240]
[867, 1240]
[802, 1050]
[802, 1050]
[545, 989]
[545, 989]
[846, 1199]
[846, 1199]
[833, 1013]
[833, 1013]
[867, 984]
[660, 964]
[660, 964]
[825, 1212]
[825, 1212]
[805, 1046]
[805, 1046]
[720, 987]
[720, 987]
[840, 1229]
[840, 1229]
[845, 1003]
[845, 1003]
[577, 967]
[577, 967]
[859, 1213]
[859, 1213]
[854, 1078]
[854, 1078]
[701, 946]
[701, 946]
[802, 1202]
[802, 1202]
[843, 995]
[843, 995]
[529, 965]
[529, 965]
[841, 1229]
[841, 1229]
[829, 1083]
[829, 1083]
[638, 952]
[638, 952]
[821, 1197]
[821, 1197]
[817, 986]
[817, 986]
[569, 972]
[569, 972]
[852, 1199]
[852, 1199]
[845, 1064]
[845, 1064]
[708, 946]
[708, 946]
[802, 1229]
[802, 1229]
[814, 1002]
[814, 1002]
[692, 997]
[692, 997]
[833, 1237]
[833, 1237]
[810, 1061]
[810, 1061]
[695, 965]
[695, 965]
[813, 1220]
[813, 1220]
[813, 1008]
[813, 1008]
[571, 978]
[571, 978]
[819, 1199]
[870, 1056]
[870, 1056]
[693, 976]
[693, 976]
[851, 1210]
[851, 1210]
[811, 1016]
[811, 1016]
[701, 962]
[701, 962]
[830, 1226]
[830, 1226]
[849, 1051]
[849, 1051]
[676, 952]
[676, 952]
[837, 1221]
[837, 1221]
[810, 987]
[810, 987]
[612, 983]
[612, 983]
[859, 1237]
[859, 1237]
[805, 1070]
[805, 1070]
[830, 1202]
[830, 1202]
[856, 1019]
[856, 1019]
[860, 1204]
[860, 1204]
[840, 1065]
[840, 1065]
[813, 1226]
[813, 1226]
[800, 1021]
[800, 1021]
[800, 1021]
[813, 1204]
[813, 1204]
[854, 1078]
[854, 1078]
[835, 1232]
[835, 1232]
[867, 1026]
[867, 1026]
[808, 1213]
[808, 1213]
[843, 1091]
[843, 1091]
[868, 1236]
[868, 1236]
[845, 1015]
[845, 1015]
[849, 1217]
[849, 1217]
[832, 1092]
[832, 1092]
[634, 989]
[634, 989]
[825, 1234]
[825, 1234]
[825, 991]
[825, 991]
[668, 965]
[668, 965]
[837, 1232]
[837, 1232]
[813, 1073]
[813, 1073]
[523, 960]
[523, 960]
[800, 1194]
[800, 1194]
[825, 1026]
[825, 1026]
[553, 983]
[553, 983]
[848, 1225]
[848, 1225]
[802, 1054]
[802, 1054]
[695, 948]
[695, 948]
[868, 1220]
[868, 1220]
[813, 1008]
[813, 1008]
[518, 965]
[518, 965]
[832, 1239]
[832, 1239]
[862, 1065]
[862, 1065]
[563, 972]
[563, 972]
[817, 1201]
[817, 1201]
[862, 1007]
[862, 1007]
[647, 975]
[647, 975]
[832, 1221]
[832, 1221]
[805, 1053]
[805, 1053]
[601, 957]
[601, 957]
[852, 1226]
[852, 1226]
[868, 1015]
[868, 1015]
[642, 946]
[642, 946]
[840, 1194]
[840, 1194]
[843, 1083]
[843, 1083]
[547, 959]
[547, 959]
[800, 1212]
[800, 1212]
[852, 997]
[852, 997]
[636, 964]
[636, 964]
[835, 1204]
[835, 1204]
[825, 1084]
[825, 1084]
[563, 975]
[563, 975]
[821, 1213]
[821, 1213]
[832, 995]
[832, 995]
[626, 992]
[626, 992]
[810, 1231]
[810, 1231]
[862, 1069]
[862, 1069]
[626, 957]
[626, 957]
[848, 1201]
[848, 1201]
[808, 1013]
[808, 1013]
[615, 978]
[615, 978]
[827, 1234]
[827, 1234]
[864, 1057]
[864, 1057]
[588, 981]
[588, 981]
[852, 1201]
[852, 1201]
[814, 1000]
[814, 1000]
[572, 962]
[572, 962]
[848, 1212]
[848, 1212]
[819, 1080]
[819, 1080]
[682, 991]
[682, 991]
[835, 1207]
[835, 1207]
[856, 994]
[856, 994]
[582, 972]
[582, 972]
[848, 1218]
[848, 1218]
[854, 1080]
[854, 1080]
[654, 946]
[654, 946]
[832, 1194]
[832, 1194]
[813, 1019]
[813, 1019]
[639, 973]
[639, 973]
[862, 1237]
[862, 1237]
[859, 1048]
[859, 1048]
[576, 989]
[576, 989]
[860, 1215]
[860, 1215]
[848, 1013]
[848, 1013]
[676, 972]
[676, 972]
[852, 1225]
[852, 1225]
[838, 1088]
[824, 1239]
[824, 1239]
[848, 1000]
[848, 1000]
[652, 981]
[652, 981]
[862, 1199]
[862, 1199]
[821, 1064]
[821, 1064]
[663, 989]
[663, 989]
[870, 1215]
[870, 1215]
[806, 1024]
[806, 1024]
[654, 954]
[654, 954]
[841, 1215]
[841, 1215]
[816, 1073]
[816, 1073]
[595, 975]
[595, 975]
[870, 1197]
[870, 1197]
[840, 1013]
[840, 1013]
[544, 994]
[544, 994]
[808, 1205]
[808, 1205]
[832, 1069]
[832, 1069]
[576, 975]
[576, 975]
[864, 1196]
[864, 1196]
[854, 1008]
[854, 1008]
[639, 1002]
[639, 1002]
[864, 1223]
[864, 1223]
[841, 1062]
[841, 1062]
[566, 951]
[566, 951]
[808, 1239]
[808, 1239]
[857, 1011]
[857, 1011]
[537, 964]
[537, 964]
[811, 1234]
[811, 1234]
[819, 1056]
[819, 1056]
[531, 951]
[531, 951]
[800, 1226]
[800, 1226]
[860, 1008]
[860, 1008]
[563, 980]
[816, 1210]
[816, 1210]
[813, 1086]
[813, 1086]
[674, 976]
[674, 976]
[833, 1223]
[833, 1223]
[862, 1019]
[862, 1019]
[647, 989]
[647, 989]
[827, 1196]
[827, 1196]
[845, 1065]
[845, 1065]
[571, 995]
[571, 995]
[824, 1217]
[824, 1217]
[867, 1005]
[867, 1005]
[552, 976]
[552, 976]
[848, 1234]
[848, 1234]
[805, 1077]
[805, 1077]
[662, 967]
[662, 967]
[849, 1197]
[849, 1197]
[835, 1026]
[835, 1026]
[663, 946]
[663, 946]
[833, 1221]
[833, 1221]
[829, 1056]
[829, 1056]
[692, 997]
[692, 997]
[822, 1197]
[822, 1197]
[868, 994]
[868, 994]
[541, 973]
[541, 973]
[860, 1213]
[860, 1213]
[862, 1053]
[862, 1053]
[625, 994]
[625, 994]
[865, 1223]
[865, 1223]
[867, 1021]
[867, 1021]
[615, 960]
[615, 960]
[849, 1218]
[849, 1218]
[819, 1054]
[819, 1054]
[674, 995]
[674, 995]
[800, 1237]
