[829, 1229]
[829, 1229]
[838, 1239]
[838, 1239]
[846, 1228]
[846, 1228]
[829, 1229]
[829, 1229]
[867, 1221]
[867, 1221]
[813, 1223]
[813, 1223]
[868, 1234]
[868, 1234]
[822, 1221]
[822, 1221]
[802, 1239]
[802, 1239]
[856, 1204]
[856, 1204]
[840, 1197]
[840, 1197]
[860, 1240]
[860, 1240]
[802, 1205]
[802, 1205]
[860, 1204]
[860, 1204]
[824, 1239]
[824, 1239]
[854, 1225]
[854, 1225]
[845, 1215]
[845, 1215]
[848, 1237]
[848, 1237]
[816, 1226]
[816, 1226]
[827, 1197]
[827, 1197]
[868, 1240]
[868, 1240]
[803, 1223]
[803, 1223]
[862, 1196]
[862, 1196]
[838, 1215]
[838, 1215]
[816, 1218]
