[860, 1000]
[860, 1000]
[811, 1091]
[811, 1091]
[808, 981]
[808, 981]
[824, 1081]
[824, 1081]
[832, 1007]
[832, 1007]
[821, 1069]
[821, 1069]
[835, 992]
[835, 992]
[835, 992]
[845, 1062]
[845, 1062]
[817, 1015]
[817, 1015]
[800, 1051]
[800, 1051]
[802, 992]
[802, 992]
[870, 1086]
[870, 1086]
[851, 1018]
[851, 1018]
[819, 1065]
[819, 1065]
[810, 997]
[810, 997]
[849, 1070]
[849, 1070]
[856, 1002]
[856, 1002]
[867, 1078]
[867, 1078]
[805, 1027]
[805, 1027]
[803, 1065]
[803, 1065]
[838, 992]
[838, 992]
[867, 1056]
[867, 1056]
[824, 994]
[824, 994]
[856, 1050]
[856, 1050]
[841, 1016]
[841, 1016]
[829, 1069]
[859, 1021]
[859, 1021]
[832, 1048]
[832, 1048]
[805, 1007]
[805, 1007]
[843, 1048]
[843, 1048]
[832, 987]
[832, 987]
[806, 1077]
[806, 1077]
[800, 1018]
[800, 1018]
[848, 1056]
[848, 1056]
[830, 986]
[830, 986]
[805, 1086]
[805, 1086]
[816, 1015]
[816, 1015]
[867, 1070]
[867, 1070]
[837, 1005]
[837, 1005]
[864, 1088]
[864, 1088]
[841, 1013]
[841, 1013]
[816, 1069]
[816, 1069]
[856, 994]
[856, 994]
[814, 1062]
[814, 1062]
[862, 1024]
[862, 1024]
[802, 1050]
[802, 1050]
[833, 1013]
[833, 1013]
[867, 984]
[805, 1046]
[805, 1046]
[845, 1003]
[845, 1003]
[854, 1078]
[854, 1078]
[843, 995]
[843, 995]
[829, 1083]
[829, 1083]
[817, 986]
[817, 986]
[845, 1064]
[845, 1064]
[814, 1002]
[814, 1002]
[810, 1061]
[810, 1061]
[813, 1008]
[813, 1008]
[870, 1056]
[870, 1056]
[811, 1016]
[811, 1016]
[849, 1051]
[849, 1051]
[810, 987]
[810, 987]
[805, 1070]
[805, 1070]
[856, 1019]
[856, 1019]
[840, 1065]
[840, 1065]
[800, 1021]
[800, 1021]
[800, 1021]
[854, 1078]
[854, 1078]
[867, 1026]
[867, 1026]
[843, 1091]
[843, 1091]
[845, 1015]
[845, 1015]
[832, 1092]
[832, 1092]
[825, 991]
[825, 991]
[813, 1073]
[813, 1073]
[825, 1026]
[825, 1026]
[802, 1054]
[802, 1054]
[813, 1008]
[813, 1008]
[862, 1065]
[862, 1065]
[862, 1007]
[862, 1007]
[805, 1053]
[805, 1053]
[868, 1015]
[868, 1015]
[843, 1083]
[843, 1083]
[852, 997]
[852, 997]
[825, 1084]
[825, 1084]
[832, 995]
[832, 995]
[862, 1069]
[862, 1069]
[808, 1013]
[808, 1013]
[864, 1057]
[864, 1057]
[814, 1000]
[814, 1000]
[819, 1080]
[819, 1080]
[856, 994]
[856, 994]
[854, 1080]
[854, 1080]
[813, 1019]
[813, 1019]
[859, 1048]
[859, 1048]
[848, 1013]
[848, 1013]
[838, 1088]
[848, 1000]
[848, 1000]
[821, 1064]
[821, 1064]
[806, 1024]
[806, 1024]
[816, 1073]
[816, 1073]
[840, 1013]
[840, 1013]
[832, 1069]
[832, 1069]
[854, 1008]
[854, 1008]
[841, 1062]
[841, 1062]
[857, 1011]
[857, 1011]
[819, 1056]
[819, 1056]
[860, 1008]
[860, 1008]
[813, 1086]
[813, 1086]
[862, 1019]
[862, 1019]
[845, 1065]
[845, 1065]
[867, 1005]
[867, 1005]
[805, 1077]
[805, 1077]
[835, 1026]
[835, 1026]
[829, 1056]
[829, 1056]
[868, 994]
[868, 994]
[862, 1053]
[862, 1053]
[867, 1021]
[867, 1021]
[819, 1054]
[819, 1054]
