[838, 1223]
[838, 1223]
[838, 1077]
[628, 975]
[833, 1207]
[833, 1207]
[833, 1207]
[832, 1218]
[832, 1218]
[832, 1218]
[832, 1217]
[846, 1209]
[837, 1213]
[837, 1213]
[845, 999]
[701, 967]
[840, 1218]
[838, 1077]
[838, 1075]
[838, 1073]
[838, 1072]
[840, 1070]
[639, 999]
[832, 1207]
[830, 1207]
[814, 1003]
[617, 946]
[615, 946]
[614, 946]
[615, 946]
[835, 1220]
[805, 1064]
[590, 972]
[864, 1244]
[833, 1011]
[671, 975]
[825, 1221]
[822, 1083]
[822, 1081]
[679, 968]
[825, 1220]
[825, 1221]
[824, 1010]
[824, 1008]
[644, 983]
[642, 983]
[641, 983]
[830, 1229]
[822, 1097]
[601, 986]
[837, 1226]
[814, 1016]
[814, 1015]
[814, 1013]
[604, 968]
[833, 1209]
[822, 1072]
[638, 981]
[638, 980]
[636, 980]
[814, 1207]
[814, 1209]
[819, 1016]
[819, 1015]
[819, 1013]
[819, 1011]
[617, 957]
[849, 1228]
[840, 1073]
[825, 1229]
[835, 1217]
[833, 1217]
[822, 1062]
[832, 1225]
[833, 1223]
[833, 1220]
[843, 1018]
[646, 960]
[841, 1217]
[841, 1217]
[830, 1213]
[821, 1073]
[615, 967]
[829, 1204]
[827, 1003]
[658, 981]
[848, 1201]
[840, 1070]
[620, 975]
[822, 1213]
[822, 992]
[669, 983]
[668, 983]
[827, 1204]
[830, 1053]
[636, 968]
[634, 968]
[633, 968]
[631, 968]
[630, 968]
[830, 1221]
[837, 1015]
[633, 960]
[833, 1220]
[835, 1099]
[619, 964]
[617, 964]
[819, 1223]
[825, 994]
[591, 976]
[590, 976]
[832, 1226]
[838, 1083]
[638, 970]
[849, 1215]
[838, 1002]
[837, 1002]
[569, 973]
[859, 1228]
[859, 1226]
[840, 1065]
[625, 981]
[623, 981]
[622, 981]
[795, 1223]
[837, 999]
[835, 999]
[576, 983]
[574, 983]
[572, 983]
[811, 1205]
[835, 1075]