[824, 1239]
[824, 1239]
[862, 1199]
[862, 1199]
[870, 1215]
[870, 1215]
[841, 1215]
[841, 1215]
[870, 1197]
[870, 1197]
[808, 1205]
[808, 1205]
[864, 1196]
[864, 1196]
[864, 1223]
[864, 1223]
[808, 1239]
[808, 1239]
[811, 1234]
[811, 1234]
[800, 1226]
[800, 1226]
[816, 1210]
[816, 1210]
[833, 1223]
[833, 1223]
[827, 1196]
[827, 1196]
[824, 1217]
[824, 1217]
[848, 1234]
[848, 1234]
[849, 1197]
[849, 1197]
[833, 1221]
[833, 1221]
[822, 1197]
[822, 1197]
[860, 1213]
[860, 1213]
[865, 1223]
[865, 1223]
[849, 1218]
[849, 1218]
[800, 1237]
