[838, 1077]
[845, 999]
[838, 1077]
[838, 1075]
[838, 1073]
[838, 1072]
[840, 1070]
[814, 1003]
[805, 1064]
[833, 1011]
[822, 1083]
[822, 1081]
[824, 1010]
[824, 1008]
[822, 1097]
[814, 1016]
[814, 1015]
[814, 1013]
[822, 1072]
[819, 1016]
[819, 1015]
[819, 1013]
[819, 1011]
[840, 1073]
[822, 1062]
[843, 1018]
[821, 1073]
[827, 1003]
[840, 1070]
[822, 992]
[830, 1053]
[837, 1015]
[835, 1099]
[825, 994]
[838, 1083]
[838, 1002]
[837, 1002]
[840, 1065]
[837, 999]
[835, 999]
[835, 1075]
[835, 1073]
[827, 1003]
[827, 1002]
[852, 1073]
[852, 1072]
[852, 1070]
[848, 1003]
[841, 1077]
[845, 1016]
[827, 1080]
[827, 1078]
[837, 1007]
[824, 1069]
[830, 1000]
[819, 1054]
[840, 1075]
[838, 1075]
[814, 1000]
[832, 1061]
[841, 1005]
[810, 1048]
[810, 1046]
[825, 1005]
[825, 1050]
[822, 987]
[821, 987]
[843, 1045]
[833, 1026]
[843, 1080]
[821, 1013]
[843, 1072]
[821, 989]
[821, 987]
[832, 1026]
[838, 1084]
[833, 1019]
[827, 1062]
[825, 1062]
[824, 1061]
[838, 1008]
[837, 1008]
[808, 1056]
[849, 1008]
[816, 1080]
[827, 1003]
[825, 1002]
[825, 1064]
[825, 1062]
[833, 1018]
[835, 1084]
[830, 1005]
[833, 1086]
[848, 1015]
[830, 1069]
[852, 1027]
[852, 1026]
[830, 1070]
[843, 991]
[821, 1081]
[821, 1080]
[833, 1010]
[833, 1008]
[840, 1084]
[840, 1083]
[840, 1081]
[840, 1080]
[840, 1078]
[840, 1077]
[840, 1007]
[840, 1077]
[840, 1075]
[840, 1073]
[840, 1072]
[840, 1070]
[840, 1069]
[838, 1067]
[837, 1065]
[835, 1064]
[833, 1024]
[833, 1022]
[833, 1021]
[833, 1053]
[833, 1051]
[832, 1050]
[832, 1048]
[830, 1046]
[816, 1011]
[841, 1070]
[841, 1069]
[841, 1067]
[840, 1065]
[838, 1064]
[837, 1062]
[835, 1061]
[833, 1059]
[838, 1024]
[830, 1042]
[832, 1005]
[830, 1005]
[830, 1003]
[830, 1002]
[829, 1002]
[833, 1077]
[833, 1075]
[833, 1073]
[832, 1073]
[830, 1072]
[829, 1072]
[827, 1070]
[825, 1070]
[824, 1069]
[822, 1069]
[840, 1026]
[838, 1091]
[838, 1089]
[838, 1088]
[838, 1086]
[837, 1086]
[830, 1000]
[830, 1083]
[830, 1081]
[830, 1080]
[830, 1078]
[838, 1015]
[837, 1015]
[849, 1081]
[837, 987]
[849, 1089]
[837, 992]
[840, 1078]
[841, 1002]
[840, 1002]
[838, 1002]
[838, 1000]
[837, 1000]
[835, 1000]
[833, 1000]
[821, 1081]
[832, 1007]
[829, 1075]
[829, 1073]
[849, 999]
[841, 1096]
[849, 1007]
[830, 1045]
[829, 1002]
[832, 1075]
[819, 986]
[843, 1081]
[838, 1000]
[827, 1070]
[843, 1011]
[833, 1091]
[833, 1089]
[833, 1088]
[833, 1086]
[833, 1084]
[832, 1084]
[832, 1083]
[830, 1083]
[830, 1081]
[830, 1080]
[829, 1080]
[829, 1078]
[827, 1078]
[827, 1077]
[825, 1075]
[830, 1072]
[833, 1015]
[832, 1015]
[830, 1015]
[829, 1015]
[827, 1015]
[825, 1015]
[824, 1015]
[822, 1015]
[822, 1013]
[821, 1013]
[819, 1013]
[819, 1011]
[817, 1011]
[817, 1010]
[816, 1010]
[816, 1008]
[821, 1078]
[821, 1077]
[827, 983]
[835, 1075]
[835, 1073]
[835, 1072]
[835, 1070]
[835, 1069]
[835, 1067]
[848, 1000]
[841, 1089]
[841, 1088]
[841, 1086]
[841, 1084]
[840, 1084]
[840, 1083]
[840, 1081]
[846, 994]
[840, 1069]
[840, 1067]
[838, 1067]
[838, 1065]
[837, 1065]
[846, 976]
[846, 975]
[849, 1072]
[849, 1070]
[848, 1069]
[846, 1069]
[846, 1067]
[845, 1067]
[845, 1065]
[843, 1065]
[843, 1064]
[841, 1064]
[840, 1062]
[838, 1062]
[837, 1061]
[835, 1059]
[833, 1059]
[832, 1057]
[830, 1057]
[829, 1056]
[827, 1056]
[825, 1054]
[824, 1054]
[822, 1053]
[821, 1053]
[819, 1051]
[817, 1051]
[816, 1050]
[814, 1048]
[813, 1048]
[811, 1048]
[811, 1046]
[810, 1046]
[808, 1045]
[806, 1045]
[805, 1045]
[805, 1043]
[803, 1043]
[802, 1042]
[841, 1000]
[856, 1072]
[856, 1070]
[856, 1069]
[854, 1069]
[854, 1067]
[852, 1065]
[851, 1064]
[833, 976]
[833, 975]
[846, 1081]
[846, 1080]
[846, 1078]
[845, 1078]
[845, 1077]
[845, 1075]
[843, 1073]
[843, 1072]
[841, 1072]
[841, 1070]
[841, 1069]
[840, 1067]
[840, 1065]
[838, 1065]
[838, 984]
[838, 983]
[825, 1056]
[825, 1054]
[825, 1053]
[824, 1053]
[824, 1051]
[824, 1050]
[822, 1050]
[822, 1048]
[821, 1046]
[821, 1045]
[819, 1045]
[819, 1043]
[817, 1043]
[817, 1042]
[816, 1040]
[816, 1038]
[814, 1038]
[813, 1037]
[811, 1035]
[810, 1034]
[808, 1034]
[808, 1032]
[806, 1032]
[806, 1030]
[805, 1030]
[848, 995]
[848, 994]
[846, 994]
[845, 992]
[841, 1094]
[841, 1092]
[840, 1092]
[840, 1091]
[840, 1089]
[840, 1088]
[840, 1086]
[838, 1086]
[838, 1084]
[838, 1083]
[797, 991]
[797, 989]
[797, 987]
[795, 987]
[794, 986]
[792, 986]
[792, 984]
[790, 984]
[789, 984]
[830, 1083]
[830, 1081]
[829, 1081]
[829, 1080]
[829, 1078]
[827, 1078]
[827, 1077]
[825, 1077]
[825, 1075]
[824, 1075]
[835, 984]
[837, 1069]
[837, 1067]
[837, 1065]
[830, 1030]
[830, 1029]
[829, 1029]
[829, 1027]
[843, 1080]
[843, 1078]
[843, 1077]
[843, 1075]
[843, 1073]
[843, 1072]
[841, 1072]
[835, 1013]
[835, 1011]
[837, 1013]
[837, 1011]
[835, 1011]
[835, 1010]
[833, 1010]
[833, 1008]
[832, 1008]
[830, 1008]
[829, 1072]
[829, 1070]
[829, 1069]
[827, 1069]
[827, 1067]
[825, 1067]
[824, 1065]
[822, 1064]
[821, 1062]
[819, 1062]
[817, 1061]
[816, 1059]
[841, 997]
[840, 997]
[838, 997]
[837, 997]
[835, 997]
[833, 997]
[832, 997]
[830, 997]
[827, 999]
[825, 999]
[816, 1072]
[816, 1070]
[849, 1000]
[848, 1000]
[846, 1000]
[832, 1043]
[832, 1042]
[843, 1018]
[841, 1018]
[841, 1016]
[840, 1016]
[838, 1016]
[837, 1016]
[835, 1016]
[833, 1016]
[832, 1016]
[829, 1015]
[827, 1015]
[825, 1015]
[824, 1015]
[832, 1064]
[832, 1062]
[830, 1062]
[830, 1061]
[829, 1061]
[829, 1059]
[827, 1059]
[827, 1057]
[825, 1057]
[825, 1056]
[824, 1056]
[822, 1054]
[821, 1053]
[819, 1053]
[817, 1051]
[816, 1050]
[814, 1048]
[813, 1046]
[838, 1011]
[822, 1065]
[813, 984]
[843, 1081]
[843, 1080]
[841, 1080]
[841, 1078]
[840, 1078]
[840, 1077]
[838, 1077]
[827, 991]
[833, 1075]
[832, 1075]
[811, 1081]
[811, 1080]
[811, 1078]
[811, 1077]
[810, 1075]
[810, 1073]
[810, 1072]
[808, 1072]
[808, 1070]
[808, 1069]
[806, 1069]
[806, 1067]
[806, 1065]
[832, 1019]
[814, 1077]
[824, 1015]
[824, 1013]
[802, 1062]
[802, 1061]
[800, 1061]
[800, 1059]
[835, 1016]
[827, 1059]
[827, 1057]
[835, 1018]
[829, 1051]
[829, 1050]
[827, 1048]
[819, 1021]
[819, 1019]
[814, 1057]
[813, 1057]
[811, 1056]
[810, 1056]
[808, 1056]
[806, 1056]
[805, 1056]
[803, 1056]
[802, 1056]
[802, 1054]
[837, 997]
[837, 995]
[835, 995]
[835, 994]
[833, 992]
[833, 991]
[832, 991]
[832, 989]
[832, 987]
[830, 987]
[856, 1070]
[854, 1069]
[852, 1069]
[851, 1067]
[849, 1067]
[848, 1065]
[846, 1065]
[841, 991]
[841, 989]
[835, 1099]
[835, 1097]
[835, 1096]
[833, 1096]
[833, 1094]
[832, 1094]
[830, 1092]
[829, 1092]
[827, 1091]
[825, 1091]
[824, 1089]
[838, 1011]
[832, 1077]
[833, 1010]
[843, 1042]
[825, 997]
[811, 1067]
[813, 991]
[811, 991]
[811, 989]
[810, 989]
[808, 989]
[811, 1073]
[814, 1015]
[814, 1013]
[813, 1013]
[811, 1013]
[810, 1013]
[808, 1013]
[806, 1013]
[832, 1120]
[832, 1118]
[843, 983]
[841, 983]
[832, 1064]
[830, 1064]
[808, 984]
[827, 1070]
[825, 1070]
[824, 1069]
[822, 1069]
[821, 1069]
[819, 1067]
[805, 989]
[822, 1070]
[819, 987]
[817, 987]
[816, 987]
[814, 987]
[813, 987]
[811, 987]
[825, 1077]
[824, 1077]
[822, 1077]
[821, 1077]
[819, 1077]
[817, 1077]
[817, 1075]
[816, 1075]
[814, 1075]
[813, 1075]
[813, 1073]
[811, 1073]
[810, 1073]
[808, 1072]
[806, 1072]
[805, 1070]
[803, 1070]
[802, 1069]
[800, 1069]
[798, 1067]
[797, 1067]
[795, 1065]
[794, 1064]
[792, 1064]
[790, 1062]
[789, 1062]
[787, 1061]
[786, 1059]
[782, 1059]
[781, 1057]
[779, 1056]
[776, 1056]
[774, 1054]
[773, 1053]
[770, 1053]
[838, 987]
[837, 1051]
[811, 1018]
[811, 1016]
[810, 1016]
[808, 1016]
[806, 1015]
[821, 1057]
[822, 991]
[814, 1067]
[854, 1002]
[852, 1002]
[827, 1072]
[819, 997]
[817, 995]
[817, 994]
[816, 994]
[816, 992]
[857, 1080]
[782, 1005]
[825, 1007]
[825, 1005]
[848, 1089]
[843, 1026]
[832, 1086]
[805, 1011]
[830, 1081]
[817, 1008]
[817, 1010]
[816, 1010]
[816, 1011]
[814, 1011]
[814, 1013]
[813, 1013]
[813, 1011]
[848, 1051]
[835, 1003]
[827, 1061]
[827, 1059]
[832, 1016]
[832, 1081]
[805, 981]
[810, 1072]
[811, 986]
[825, 1088]
[821, 1035]
[838, 1067]
[827, 1015]
[827, 1092]
[832, 1015]
[840, 1100]
[833, 1022]
[825, 1078]
