[838, 1223]
[838, 1223]
[838, 1077]
[628, 975]
[833, 1207]
[833, 1207]
[833, 1207]
[832, 1218]
[832, 1218]
[832, 1218]
[832, 1217]
[846, 1209]
[837, 1213]
[837, 1213]
[845, 999]
[701, 967]
[840, 1218]
[838, 1077]
[838, 1075]
[838, 1073]
[838, 1072]
[840, 1070]
[639, 999]
[832, 1207]
[830, 1207]
[814, 1003]
[617, 946]
[615, 946]
[614, 946]
[615, 946]
[835, 1220]
[805, 1064]
[590, 972]
[864, 1244]
[833, 1011]
[671, 975]
[825, 1221]
[822, 1083]
[822, 1081]
[679, 968]
[825, 1220]
[825, 1221]
[824, 1010]
[824, 1008]
[644, 983]
[642, 983]
[641, 983]
[830, 1229]
[822, 1097]
[601, 986]
[837, 1226]
[814, 1016]
[814, 1015]
[814, 1013]
[604, 968]
[833, 1209]
[822, 1072]
[638, 981]
[638, 980]
[636, 980]
[814, 1207]
[814, 1209]
[819, 1016]
[819, 1015]
[819, 1013]
[819, 1011]
[617, 957]
[849, 1228]
[840, 1073]
[825, 1229]
[835, 1217]
[833, 1217]
[822, 1062]
[832, 1225]
[833, 1223]
[833, 1220]
[843, 1018]
[646, 960]
[841, 1217]
[841, 1217]
[830, 1213]
[821, 1073]
[615, 967]
[829, 1204]
[827, 1003]
[658, 981]
[848, 1201]
[840, 1070]
[620, 975]
[822, 1213]
[822, 992]
[669, 983]
[668, 983]
[827, 1204]
[830, 1053]
[636, 968]
[634, 968]
[633, 968]
[631, 968]
[630, 968]
[830, 1221]
[837, 1015]
[633, 960]
[833, 1220]
[835, 1099]
[619, 964]
[617, 964]
[819, 1223]
[825, 994]
[591, 976]
[590, 976]
[832, 1226]
[838, 1083]
[638, 970]
[849, 1215]
[838, 1002]
[837, 1002]
[569, 973]
[859, 1228]
[859, 1226]
[840, 1065]
[625, 981]
[623, 981]
[622, 981]
[795, 1223]
[837, 999]
[835, 999]
[576, 983]
[574, 983]
[572, 983]
[811, 1205]
[835, 1075]
[835, 1073]
[596, 949]
[832, 1202]
[827, 1003]
[827, 1002]
[590, 965]
[843, 1237]
[852, 1073]
[852, 1072]
[852, 1070]
[626, 962]
[843, 1213]
[848, 1003]
[626, 976]
[625, 976]
[840, 1204]
[841, 1077]
[598, 976]
[819, 1226]
[845, 1016]
[622, 972]
[622, 970]
[822, 1207]
[827, 1080]
[827, 1078]
[681, 978]
[681, 976]
[679, 976]
[677, 976]
[677, 975]
[676, 975]
[835, 1207]
[837, 1207]
[837, 1209]
[837, 1210]
[838, 1210]
[838, 1212]
[837, 1007]
[626, 964]
[625, 964]
[848, 1225]
[848, 1223]
[848, 1221]
[824, 1069]
[706, 973]
[704, 973]
[848, 1209]
[849, 1209]
[830, 1000]
[706, 967]
[824, 1231]
[819, 1054]
[687, 989]
[685, 989]
[685, 987]
[684, 987]
[845, 1209]
[840, 1075]
[838, 1075]
[695, 964]
[693, 964]
[822, 1197]
[822, 1199]
[814, 1000]
[720, 964]
[825, 1210]
[825, 1209]
[827, 1207]
[832, 1061]
[743, 967]
[851, 1229]
[851, 1228]
[837, 1209]
[841, 1005]
[652, 981]
[652, 983]
[654, 984]
[655, 984]
[825, 1228]
[825, 1226]
[825, 1223]
[825, 1221]
[825, 1220]
[825, 1218]
[825, 1217]
[825, 1215]
[825, 1212]
[825, 1210]
[825, 1207]
[825, 1204]
[810, 1048]
[810, 1046]
[615, 964]
[614, 964]
[837, 1225]
[838, 1225]
[838, 1223]
[838, 1221]
[838, 1220]
[838, 1218]
[838, 1217]
[838, 1215]
[838, 1213]
[838, 1212]
[838, 1210]
[838, 1209]
[838, 1207]
[837, 1205]
[837, 1204]
[837, 1202]
[837, 1201]
[825, 1005]
[660, 945]
[660, 943]
[662, 941]
[662, 940]
[663, 938]
[663, 937]
[663, 935]
[665, 935]
[862, 1231]
[862, 1229]
[862, 1228]
[862, 1226]
[862, 1225]
[825, 1050]
[697, 959]
[803, 1204]
[822, 987]
[821, 987]
[671, 951]
[851, 1218]
[843, 1045]
[681, 960]
[679, 960]
[854, 1223]
[854, 1225]
[854, 1223]
[833, 1026]
[666, 984]
[848, 1239]
[843, 1080]
[677, 962]
[679, 964]
[840, 1220]
[840, 1221]
[840, 1223]
[840, 1221]
[840, 1220]
[840, 1218]
[840, 1217]
[821, 1013]
[665, 960]
[663, 960]
[829, 1215]
[830, 1215]
[830, 1213]
[843, 1072]
[673, 965]
[671, 965]
[673, 965]
[673, 967]
[824, 1207]
[825, 1207]
[821, 989]
[821, 987]
[622, 962]
[838, 1232]
[840, 1232]
[840, 1231]
[840, 1229]
[832, 1026]
[619, 970]
[845, 1197]
[845, 1199]
[845, 1201]
[845, 1202]
[845, 1204]
[845, 1205]
[845, 1207]
[845, 1209]
[845, 1212]
[845, 1213]
[845, 1215]
[845, 1217]
[845, 1218]
[845, 1220]
[845, 1221]
[845, 1223]
[845, 1225]
[845, 1226]
[845, 1228]
[845, 1229]
[845, 1231]
[845, 1232]
[843, 1234]
[843, 1236]
[838, 1084]
[677, 984]
[677, 986]
[679, 987]
[679, 989]
[846, 1220]
[848, 1220]
[833, 1019]
[638, 986]
[639, 986]
[830, 1212]
[830, 1213]
[832, 1213]
[832, 1215]
[832, 1217]
[833, 1217]
[833, 1218]
[827, 1062]
[825, 1062]
[824, 1061]
[669, 980]
[851, 1223]
[851, 1225]
[838, 1008]
[837, 1008]
[639, 956]
[638, 956]
[636, 956]
[803, 1202]
[808, 1056]
[658, 972]
[856, 1231]
[856, 1229]
[856, 1228]
[856, 1226]
[857, 1226]
[857, 1225]
[849, 1008]
[639, 951]
[810, 1205]
[810, 1207]
[810, 1209]
[810, 1210]
[810, 1212]
[816, 1080]
[676, 956]
[824, 1201]
[824, 1199]
[825, 1199]
[825, 1197]
[827, 1003]
[825, 1002]
[638, 967]
[636, 967]
[634, 967]
[633, 967]
[802, 1194]
[825, 1064]
[825, 1062]
[676, 984]
[837, 1248]
[833, 1018]
[639, 967]
[843, 1217]
[835, 1084]
[634, 983]
[813, 1199]
[813, 1201]
[814, 1201]
[814, 1202]
[814, 1204]
[830, 1005]
[654, 952]
[825, 1218]
[827, 1218]
[827, 1217]
[827, 1215]
[829, 1215]
[829, 1213]
[833, 1086]
[665, 997]
[808, 1213]
[848, 1015]
[636, 946]
[634, 946]
[806, 1218]
[830, 1069]
[658, 975]
[657, 975]
[843, 1226]
[845, 1226]
[852, 1027]
[852, 1026]
[626, 973]
[625, 973]
[625, 975]
[623, 976]
[622, 978]
[620, 980]
[620, 981]
[620, 983]
[620, 984]
[620, 986]
[620, 987]
[620, 989]
[622, 991]
[622, 992]
[805, 1217]
[830, 1070]
[639, 962]
[639, 960]
[817, 1215]
[843, 991]
[607, 945]
[606, 945]
[798, 1220]
[821, 1081]
[821, 1080]
[630, 983]
[631, 983]
[631, 984]
[819, 1209]
[821, 1209]
[833, 1010]
[833, 1008]
[628, 965]
[628, 967]
[630, 968]
[630, 970]
[631, 972]
[840, 1212]
[840, 1213]
[840, 1084]
[840, 1083]
[840, 1081]
[840, 1080]
[840, 1078]
[840, 1077]
[677, 970]
[677, 972]
[679, 972]
[679, 973]
[681, 975]
[835, 1199]
[835, 1201]
[840, 1007]
[676, 976]
[676, 978]
[676, 980]
[808, 1188]
[808, 1190]
[808, 1191]
[810, 1191]
[810, 1193]
[810, 1194]
[810, 1196]
[811, 1196]
[811, 1197]
[840, 1077]
[840, 1075]
[840, 1073]
[840, 1072]
[840, 1070]
[840, 1069]
[838, 1067]
[837, 1065]
[835, 1064]
[655, 965]
[654, 965]
[840, 1226]
[840, 1225]
[840, 1223]
[833, 1024]
[833, 1022]
[833, 1021]
[619, 945]
[617, 945]
[833, 1199]
[835, 1199]
[835, 1197]
[837, 1196]
[837, 1194]
[837, 1193]
[837, 1191]
[837, 1190]
[837, 1188]
[837, 1186]
[837, 1185]
[837, 1183]
[837, 1182]
[833, 1053]
[833, 1051]
[832, 1050]
[832, 1048]
[830, 1046]
[644, 957]
[644, 959]
[644, 960]
[824, 1196]
[824, 1197]
[825, 1197]
[825, 1199]
[816, 1011]
[674, 978]
[673, 978]
[835, 1221]
[841, 1070]
[841, 1069]
[841, 1067]
[840, 1065]
[838, 1064]
[837, 1062]
[835, 1061]
[833, 1059]
[679, 956]
[843, 1177]
[843, 1178]
[845, 1178]
[838, 1024]
[617, 938]
[615, 938]
[806, 1237]
[808, 1237]
[808, 1236]
[810, 1234]
[810, 1232]
[810, 1231]
[810, 1229]
[810, 1228]
[830, 1042]
[633, 949]
[833, 1210]
[833, 1212]
[832, 1212]
[832, 1213]
[832, 1215]
[832, 1005]
[830, 1005]
[830, 1003]
[830, 1002]
[829, 1002]
[679, 976]
[677, 976]
[811, 1205]
[833, 1077]
[833, 1075]
[833, 1073]
[832, 1073]
[830, 1072]
[829, 1072]
[827, 1070]
[825, 1070]
[824, 1069]
[822, 1069]
[662, 995]
[798, 1228]
[840, 1026]
[574, 967]
[572, 967]
[574, 967]
[837, 1220]
[837, 1221]
[838, 1221]
[838, 1091]
[838, 1089]
[838, 1088]
[838, 1086]
[837, 1086]
[657, 968]
[655, 968]
[655, 970]
[816, 1193]
[817, 1193]
[817, 1194]
[817, 1196]
[830, 1000]
[665, 965]
[663, 965]
[825, 1212]
[825, 1213]
[830, 1083]
[830, 1081]
[830, 1080]
[830, 1078]
[650, 987]
[814, 1215]
[838, 1015]
[837, 1015]
[654, 964]
[856, 1228]
[849, 1081]
[684, 983]
[830, 1223]
[837, 987]
[633, 970]
[824, 1193]
[849, 1089]
[685, 980]
[810, 1204]
[837, 992]
[652, 972]
[838, 1217]
[840, 1078]
[662, 980]
[821, 1207]
[822, 1207]
[822, 1209]
[822, 1210]
[824, 1210]
[841, 1002]
[840, 1002]
[838, 1002]
[838, 1000]
[837, 1000]
[835, 1000]
[833, 1000]
[603, 968]
[841, 1217]
[840, 1217]
[838, 1217]
[838, 1218]
[837, 1218]
[821, 1081]
[649, 956]
[647, 956]
[646, 956]
[644, 956]
[642, 956]
[814, 1205]
[816, 1205]
[816, 1207]
[816, 1209]
[817, 1209]
[832, 1007]
[658, 991]
[657, 991]
[655, 991]
[654, 991]
[652, 991]
[650, 991]
[649, 991]
[821, 1213]
[822, 1215]
[829, 1075]
[829, 1073]
[692, 976]
[832, 1194]
[830, 1196]
[830, 1197]
[829, 1197]
[829, 1199]
[849, 999]
[666, 964]
[665, 964]
[665, 965]
[663, 965]
[663, 967]
[662, 967]
[662, 968]
[660, 968]
[660, 970]
[829, 1231]
[829, 1232]
[829, 1234]
[830, 1234]
[830, 1236]
[830, 1237]
[830, 1239]
[830, 1240]
[841, 1096]
[700, 978]
[856, 1210]
[849, 1007]
[657, 949]
[808, 1190]
[808, 1191]
[830, 1045]
[676, 976]
[825, 1217]
[825, 1218]
[829, 1002]
[626, 981]
[625, 981]
[810, 1223]
[832, 1075]
[634, 975]
[634, 976]
[810, 1205]
[810, 1204]
[810, 1202]
[819, 986]
[590, 956]
[832, 1209]
[832, 1210]
[833, 1210]
[833, 1212]
[835, 1212]
[843, 1081]
[625, 970]
[623, 970]
[622, 970]
[620, 970]
[832, 1199]
[832, 1201]
[833, 1201]
[833, 1202]
[833, 1204]
[835, 1205]
[838, 1000]
[639, 976]
[638, 976]
[638, 978]
[781, 1234]
[781, 1236]
[825, 1207]
[825, 1209]
[825, 1207]
[825, 1205]
[825, 1204]
[827, 1070]
[662, 952]
[660, 952]
[658, 952]
[821, 1202]
[821, 1204]
[821, 1205]
[822, 1207]
[843, 1011]
[681, 967]
[679, 967]
[677, 967]
[830, 1204]
[830, 1205]
[830, 1207]
[830, 1209]
[830, 1210]
[830, 1212]
[830, 1213]
[833, 1091]
[833, 1089]
[833, 1088]
[833, 1086]
[833, 1084]
[832, 1084]
[832, 1083]
[830, 1083]
[830, 1081]
[830, 1080]
[829, 1080]
[829, 1078]
[827, 1078]
[827, 1077]
[825, 1075]
[623, 987]
[622, 987]
[620, 987]
[619, 987]
[617, 987]
[615, 987]
[614, 987]
[837, 1228]
[837, 1226]
[837, 1225]
[837, 1223]
[838, 1223]
[838, 1221]
[838, 1220]
[830, 1072]
[666, 956]
[666, 954]
[666, 956]
[811, 1202]
[833, 1015]
[832, 1015]
[830, 1015]
[829, 1015]
[827, 1015]
[825, 1015]
[824, 1015]
[822, 1015]
[822, 1013]
[821, 1013]
[819, 1013]
[819, 1011]
[817, 1011]
[817, 1010]
[816, 1010]
[816, 1008]
[657, 949]
[655, 949]
[654, 949]
[817, 1223]
[817, 1221]
[817, 1220]
[816, 1220]
[821, 1078]
[821, 1077]
[644, 949]
[642, 949]
[641, 949]
[639, 949]
[638, 949]
[636, 949]
[634, 949]
[633, 951]
[631, 951]
[631, 952]
[630, 952]
[630, 954]
[628, 954]
[628, 956]
[628, 957]
[628, 959]
[626, 959]
[794, 1188]
[795, 1188]
[795, 1190]
[797, 1191]
[798, 1193]
[798, 1194]
[800, 1194]
[800, 1196]
[800, 1197]
[802, 1197]
[802, 1199]
[803, 1201]
[805, 1202]
[805, 1204]
[806, 1204]
[806, 1205]
[808, 1207]
[810, 1209]
[810, 1210]
[811, 1212]
[811, 1213]
[813, 1213]
[813, 1215]
[814, 1217]
[816, 1218]
[816, 1220]
[817, 1220]
[817, 1221]
[819, 1221]
[819, 1223]
[827, 983]
[606, 959]
[604, 959]
[604, 960]
[604, 962]
[604, 964]
[604, 965]
[604, 967]
[824, 1234]
[835, 1075]
[835, 1073]
[835, 1072]
[835, 1070]
[835, 1069]
[835, 1067]
[593, 972]
[811, 1209]
[811, 1210]
[811, 1212]
[813, 1212]
[813, 1213]
[848, 1000]
[588, 1000]
[587, 1000]
[849, 1217]
[841, 1089]
[841, 1088]
[841, 1086]
[841, 1084]
[840, 1084]
[840, 1083]
[840, 1081]
[671, 972]
[846, 1199]
[846, 1201]
[846, 994]
[649, 991]
[838, 1217]
[840, 1217]
[840, 1215]
[840, 1069]
[840, 1067]
[838, 1067]
[838, 1065]
[837, 1065]
[657, 986]
[655, 986]
[655, 984]
[819, 1236]
[846, 976]
[846, 975]
[649, 976]
[851, 1220]
[852, 1220]
[852, 1221]
[849, 1072]
[849, 1070]
[848, 1069]
[846, 1069]
[846, 1067]
[845, 1067]
[845, 1065]
[843, 1065]
[843, 1064]
[841, 1064]
[840, 1062]
[838, 1062]
[837, 1061]
[835, 1059]
[833, 1059]
[832, 1057]
[830, 1057]
[829, 1056]
[827, 1056]
[825, 1054]
[824, 1054]
[822, 1053]
[821, 1053]
[819, 1051]
[817, 1051]
[816, 1050]
[814, 1048]
[813, 1048]
[811, 1048]
[811, 1046]
[810, 1046]
[808, 1045]
[806, 1045]
[805, 1045]
[805, 1043]
[803, 1043]
[802, 1042]
[657, 967]
[805, 1202]
[806, 1202]
[841, 1000]
[663, 952]
[663, 954]
[843, 1221]
[845, 1221]
[845, 1223]
[856, 1072]
[856, 1070]
[856, 1069]
[854, 1069]
[854, 1067]
[852, 1065]
[851, 1064]
[649, 967]
[821, 1215]
[822, 1215]
[822, 1217]
[822, 1218]
[833, 976]
[833, 975]
[633, 967]
[631, 967]
[631, 968]
[630, 968]
[846, 1225]
[846, 1081]
[846, 1080]
[846, 1078]
[845, 1078]
[845, 1077]
[845, 1075]
[843, 1073]
[843, 1072]
[841, 1072]
[841, 1070]
[841, 1069]
[840, 1067]
[840, 1065]
[838, 1065]
[682, 976]
[681, 976]
[679, 976]
[679, 975]
[845, 1217]
[846, 1217]
[846, 1218]
[838, 984]
[838, 983]
[668, 964]
[666, 964]
[825, 1209]
[825, 1056]
[825, 1054]
[825, 1053]
[824, 1053]
[824, 1051]
[824, 1050]
[822, 1050]
[822, 1048]
[821, 1046]
[821, 1045]
[819, 1045]
[819, 1043]
[817, 1043]
[817, 1042]
[816, 1040]
[816, 1038]
[814, 1038]
[813, 1037]
[811, 1035]
[810, 1034]
[808, 1034]
[808, 1032]
[806, 1032]
[806, 1030]
[805, 1030]
[682, 964]
[848, 1209]
[848, 1210]
[848, 995]
[848, 994]
[846, 994]
[845, 992]
[633, 965]
[837, 1223]
[837, 1225]
[841, 1094]
[841, 1092]
[840, 1092]
[840, 1091]
[840, 1089]
[840, 1088]
[840, 1086]
[838, 1086]
[838, 1084]
[838, 1083]
[663, 972]
[825, 1229]
[825, 1228]
[825, 1226]
[825, 1225]
[825, 1223]
[824, 1221]
[824, 1220]
[824, 1218]
[822, 1217]
[822, 1215]
[822, 1213]
[822, 1212]
[821, 1212]
[821, 1210]
[821, 1209]
[821, 1207]
[797, 991]
[797, 989]
[797, 987]
[795, 987]
[794, 986]
[792, 986]
[792, 984]
[790, 984]
[789, 984]
[698, 965]
[697, 965]
[845, 1226]
[845, 1228]
[830, 1083]
[830, 1081]
[829, 1081]
[829, 1080]
[829, 1078]
[827, 1078]
[827, 1077]
[825, 1077]
[825, 1075]
[824, 1075]
[695, 1018]
[835, 1221]
[835, 984]
[662, 941]
[660, 941]
[658, 941]
[837, 1204]
[837, 1069]
[837, 1067]
[837, 1065]
[712, 980]
[846, 1213]
[830, 1030]
[830, 1029]
[829, 1029]
[829, 1027]
[689, 946]
[829, 1234]
[843, 1080]
[843, 1078]
[843, 1077]
[843, 1075]
[843, 1073]
[843, 1072]
[841, 1072]
[657, 941]
[830, 1215]
[835, 1013]
[835, 1011]
[663, 975]
[663, 976]
[663, 978]
[829, 1217]
[829, 1215]
[837, 1013]
[837, 1011]
[835, 1011]
[835, 1010]
[833, 1010]
[833, 1008]
[832, 1008]
[830, 1008]
[665, 995]
[827, 1210]
[827, 1209]
[829, 1072]
[829, 1070]
[829, 1069]
[827, 1069]
[827, 1067]
[825, 1067]
[824, 1065]
[822, 1064]
[821, 1062]
[819, 1062]
[817, 1061]
[816, 1059]
[642, 962]
[642, 964]
[644, 964]
[644, 965]
[644, 967]
[646, 967]
[646, 968]
[647, 970]
[649, 972]
[649, 973]
[650, 975]
[652, 976]
[652, 978]
[654, 980]
[655, 981]
[657, 983]
[658, 984]
[658, 986]
[660, 987]
[662, 989]
[663, 991]
[665, 992]
[668, 994]
[669, 997]
[671, 999]
[673, 1000]
[674, 1002]
[676, 1005]
[677, 1007]
[679, 1008]
[682, 1010]
[684, 1013]
[685, 1015]
[687, 1016]
[845, 1209]
[841, 997]
[840, 997]
[838, 997]
[837, 997]
[835, 997]
[833, 997]
[832, 997]
[830, 997]
[827, 999]
[825, 999]
[650, 984]
[652, 984]
[652, 986]
[654, 986]
[806, 1217]
[806, 1218]
[806, 1220]
[806, 1221]
[806, 1223]
[806, 1225]
[816, 1072]
[816, 1070]
[647, 949]
[843, 1228]
[849, 1000]
[848, 1000]
[846, 1000]
[638, 976]
[821, 1218]
[821, 1220]
[832, 1043]
[832, 1042]
[619, 954]
[841, 1207]
[843, 1018]
[841, 1018]
[841, 1016]
[840, 1016]
[838, 1016]
[837, 1016]
[835, 1016]
[833, 1016]
[832, 1016]
[829, 1015]
[827, 1015]
[825, 1015]
[824, 1015]
[652, 968]
[848, 1217]
[832, 1064]
[832, 1062]
[830, 1062]
[830, 1061]
[829, 1061]
[829, 1059]
[827, 1059]
[827, 1057]
[825, 1057]
[825, 1056]
[824, 1056]
[822, 1054]
[821, 1053]
[819, 1053]
[817, 1051]
[816, 1050]
[814, 1048]
[813, 1046]
[647, 972]
[827, 1202]
[838, 1011]
[642, 957]
[827, 1199]
[822, 1065]
[630, 978]
[630, 976]
[628, 976]
[833, 1202]
[833, 1201]
[833, 1199]
[833, 1197]
[833, 1196]
[813, 984]
[579, 986]
[577, 986]
[838, 1240]
[843, 1081]
[843, 1080]
[841, 1080]
[841, 1078]
[840, 1078]
[840, 1077]
[838, 1077]
[682, 959]
[681, 959]
[848, 1204]
[848, 1205]
[827, 991]
[634, 959]
[633, 959]
[841, 1204]
[833, 1075]
[832, 1075]
[641, 984]
[821, 1209]
[821, 1210]
[811, 1081]
[811, 1080]
[811, 1078]
[811, 1077]
[810, 1075]
[810, 1073]
[810, 1072]
[808, 1072]
[808, 1070]
[808, 1069]
[806, 1069]
[806, 1067]
[806, 1065]
[697, 983]
[695, 983]
[695, 981]
[693, 981]
[864, 1226]
[864, 1228]
[864, 1229]
[832, 1019]
[682, 957]
[810, 1197]
[814, 1077]
[697, 995]
[695, 995]
[693, 995]
[692, 995]
[690, 995]
[689, 995]
[687, 995]
[876, 1247]
[876, 1248]
[824, 1015]
[824, 1013]
[652, 943]
[650, 943]
[649, 943]
[647, 945]
[646, 945]
[646, 946]
[644, 946]
[644, 948]
[642, 948]
[642, 949]
[641, 949]
[814, 1215]
[814, 1217]
[814, 1218]
[814, 1220]
[802, 1062]
[802, 1061]
[800, 1061]
[800, 1059]
[617, 956]
[617, 954]
[856, 1217]
[835, 1016]
[681, 976]
[679, 976]
[677, 976]
[676, 976]
[674, 975]
[673, 975]
[671, 975]
[671, 973]
[669, 973]
[668, 973]
[835, 1213]
[827, 1059]
[827, 1057]
[650, 968]
[649, 968]
[843, 1229]
[835, 1018]
[652, 973]
[650, 973]
[857, 1218]
[856, 1218]
[854, 1218]
[852, 1218]
[829, 1051]
[829, 1050]
[827, 1048]
[706, 952]
[845, 1191]
[845, 1193]
[845, 1191]
[845, 1190]
[845, 1188]
[819, 1021]
[819, 1019]
[595, 951]
[595, 949]
[593, 949]
[591, 949]
[641, 995]
[490, 959]
[490, 960]
[862, 1213]
[814, 1057]
[813, 1057]
[811, 1056]
[810, 1056]
[808, 1056]
[806, 1056]
[805, 1056]
[803, 1056]
[802, 1056]
[802, 1054]
[684, 956]
[829, 1215]
[827, 1217]
[827, 1218]
[837, 997]
[837, 995]
[835, 995]
[835, 994]
[833, 992]
[833, 991]
[832, 991]
[832, 989]
[832, 987]
[830, 987]
[654, 983]
[835, 1205]
[856, 1070]
[854, 1069]
[852, 1069]
[851, 1067]
[849, 1067]
[848, 1065]
[846, 1065]
[674, 964]
[673, 964]
[673, 962]
[671, 960]
[819, 1207]
[819, 1209]
[819, 1210]
[819, 1212]
[819, 1213]
[819, 1215]
[819, 1213]
[819, 1212]
[841, 991]
[841, 989]
[642, 970]
[856, 1245]
[835, 1099]
[835, 1097]
[835, 1096]
[833, 1096]
[833, 1094]
[832, 1094]
[830, 1092]
[829, 1092]
[827, 1091]
[825, 1091]
[824, 1089]
[665, 973]
[665, 972]
[832, 1196]
[833, 1196]
[833, 1197]
[838, 1011]
[689, 987]
[816, 1226]
[816, 1225]
[832, 1077]
[671, 991]
[669, 991]
[669, 989]
[829, 1201]
[833, 1010]
[682, 964]
[846, 1210]
[843, 1042]
[674, 976]
[673, 976]
[673, 975]
[671, 975]
[840, 1213]
[825, 997]
[681, 945]
[840, 1266]
[840, 1264]
[840, 1263]
[840, 1261]
[840, 1260]
[838, 1186]
[811, 1067]
[685, 980]
[685, 978]
[684, 978]
[684, 976]
[827, 1210]
[827, 1212]
[825, 1212]
[825, 1213]
[825, 1215]
[824, 1215]
[813, 991]
[811, 991]
[811, 989]
[810, 989]
[808, 989]
[666, 938]
[671, 965]
[622, 921]
[837, 1226]
[837, 1228]
[837, 1229]
[811, 1073]
[693, 973]
[692, 973]
[859, 1209]
[814, 1015]
[814, 1013]
[813, 1013]
[811, 1013]
[810, 1013]
[808, 1013]
[806, 1013]
[671, 983]
[669, 983]
[668, 983]
[835, 1232]
[835, 1234]
[832, 1120]
[832, 1118]
[712, 987]
[712, 986]
[711, 986]
[711, 984]
[709, 983]
[708, 981]
[706, 980]
[704, 978]
[703, 976]
[701, 976]
[701, 975]
[700, 975]
[700, 973]
[698, 973]
[852, 1209]
[843, 983]
[841, 983]
[673, 997]
[830, 1215]
[830, 1217]
[830, 1218]
[830, 1220]
[832, 1220]
[832, 1064]
[830, 1064]
[666, 959]
[666, 957]
[832, 1226]
[832, 1228]
[808, 984]
[663, 937]
[662, 937]
[867, 1220]
[827, 1070]
[825, 1070]
[824, 1069]
[822, 1069]
[821, 1069]
[819, 1067]
[650, 959]
[822, 1183]
[822, 1185]
[805, 989]
[693, 989]
[692, 989]
[822, 1213]
[822, 1215]
[822, 1070]
[701, 987]
[840, 1217]
[819, 987]
[817, 987]
[816, 987]
[814, 987]
[813, 987]
[811, 987]
[669, 992]
[802, 1245]
[825, 1077]
[824, 1077]
[822, 1077]
[821, 1077]
[819, 1077]
[817, 1077]
[817, 1075]
[816, 1075]
[814, 1075]
[813, 1075]
[813, 1073]
[811, 1073]
[810, 1073]
[808, 1072]
[806, 1072]
[805, 1070]
[803, 1070]
[802, 1069]
[800, 1069]
[798, 1067]
[797, 1067]
[795, 1065]
[794, 1064]
[792, 1064]
[790, 1062]
[789, 1062]
[787, 1061]
[786, 1059]
[782, 1059]
[781, 1057]
[779, 1056]
[776, 1056]
[774, 1054]
[773, 1053]
[770, 1053]
[634, 976]
[841, 1212]
[838, 987]
[679, 981]
[856, 1204]
[837, 1051]
[679, 967]
[677, 967]
[676, 967]
[813, 1178]
[813, 1180]
[813, 1182]
[811, 1018]
[811, 1016]
[810, 1016]
[808, 1016]
[806, 1015]
[607, 1002]
[808, 1215]
[810, 1215]
[821, 1057]
[706, 987]
[706, 986]
[704, 986]
[704, 984]
[703, 984]
[703, 983]
[701, 981]
[701, 980]
[700, 980]
[700, 978]
[698, 978]
[698, 976]
[697, 976]
[697, 975]
[695, 975]
[695, 973]
[693, 973]
[693, 972]
[692, 972]
[692, 970]
[690, 970]
[690, 968]
[689, 968]
[689, 967]
[687, 967]
[685, 967]
[685, 965]
[684, 965]
[684, 964]
[682, 964]
[682, 962]
[681, 962]
[679, 960]
[665, 976]
[857, 1228]
[829, 1229]
[822, 991]
[706, 989]
[821, 1186]
[814, 1067]
[652, 968]
[832, 1215]
[854, 1002]
[852, 1002]
[619, 1007]
[617, 1007]
[615, 1007]
[852, 1253]
[827, 1072]
[711, 913]
[709, 913]
[701, 943]
[700, 945]
[700, 946]
[698, 948]
[698, 949]
[698, 951]
[845, 1162]
[845, 1164]
[845, 1166]
[840, 1225]
[819, 997]
[817, 995]
[817, 994]
[816, 994]
[816, 992]
[601, 983]
[599, 983]
[598, 983]
[596, 983]
[595, 983]
[593, 983]
[591, 983]
[590, 983]
[588, 983]
[587, 983]
[811, 1244]
[857, 1080]
[655, 967]
[848, 1225]
[848, 1226]
[782, 1005]
[832, 1225]
[825, 1007]
[825, 1005]
[685, 1005]
[824, 1207]
[848, 1089]
[665, 949]
[663, 949]
[849, 1207]
[849, 1209]
[848, 1209]
[848, 1210]
[848, 1212]
[843, 1026]
[677, 983]
[825, 1210]
[825, 1212]
[827, 1212]
[827, 1213]
[832, 1086]
[669, 932]
[817, 1228]
[805, 1011]
[687, 1002]
[827, 1247]
[830, 1081]
[641, 984]
[817, 1226]
[817, 1225]
[817, 1008]
[817, 1010]
[816, 1010]
[816, 1011]
[814, 1011]
[814, 1013]
[813, 1013]
[813, 1011]
[668, 933]
[668, 932]
[849, 1199]
[849, 1201]
[849, 1202]
[849, 1204]
[848, 1205]
[848, 1207]
[848, 1209]
[848, 1210]
[846, 1212]
[846, 1213]
[845, 1215]
[845, 1217]
[845, 1218]
[848, 1051]
[658, 975]
[657, 975]
[841, 1236]
[841, 1237]
[841, 1239]
[841, 1240]
[841, 1242]
[841, 1244]
[841, 1245]
[841, 1247]
[843, 1247]
[835, 1003]
[666, 991]
[665, 991]
[663, 991]
[811, 1177]
[813, 1178]
[814, 1180]
[816, 1182]
[827, 1061]
[827, 1059]
[665, 940]
[845, 1218]
[845, 1220]
[845, 1221]
[845, 1223]
[832, 1016]
[644, 999]
[845, 1217]
[832, 1081]
[625, 976]
[833, 1220]
[805, 981]
[641, 983]
[794, 1223]
[810, 1072]
[677, 959]
[676, 959]
[862, 1252]
[862, 1250]
[860, 1248]
[860, 1247]
[859, 1245]
[811, 986]
[607, 1003]
[810, 1237]
[825, 1088]
[612, 951]
[612, 949]
[611, 949]
[845, 1220]
[845, 1221]
[821, 1035]
[655, 978]
[857, 1250]
[857, 1248]
[838, 1067]
[684, 908]
[679, 943]
[822, 1202]
[827, 1015]
[601, 962]
[835, 1207]
[835, 1209]
[837, 1209]
[837, 1210]
[827, 1092]
[623, 986]
[622, 986]
[827, 1231]
[832, 1015]
[658, 964]
[837, 1217]
[840, 1100]
[676, 995]
[677, 995]
[679, 995]
[681, 995]
[803, 1223]
[805, 1223]
[805, 1225]
[833, 1022]
[591, 976]
[590, 976]
[588, 976]
[805, 1196]
[805, 1196]
[805, 1197]
[803, 1197]
[803, 1197]
[825, 1078]
