[825, 1212]
[825, 1212]
[840, 1229]
[840, 1229]
[859, 1213]
[859, 1213]
[802, 1202]
[802, 1202]
[841, 1229]
[841, 1229]
[821, 1197]
[821, 1197]
[852, 1199]
[852, 1199]
[802, 1229]
[802, 1229]
[833, 1237]
[833, 1237]
[813, 1220]
[813, 1220]
[819, 1199]
[851, 1210]
[851, 1210]
[830, 1226]
[830, 1226]
[837, 1221]
[837, 1221]
[859, 1237]
[859, 1237]
[830, 1202]
[830, 1202]
[860, 1204]
[860, 1204]
[813, 1226]
[813, 1226]
[813, 1204]
[813, 1204]
[835, 1232]
[835, 1232]
[808, 1213]
[808, 1213]
[868, 1236]
[868, 1236]
[849, 1217]
[849, 1217]
[825, 1234]
[825, 1234]
[837, 1232]
[837, 1232]
