[800, 1194]
[800, 1194]
[848, 1225]
[848, 1225]
[868, 1220]
[868, 1220]
[832, 1239]
[832, 1239]
[817, 1201]
[817, 1201]
[832, 1221]
[832, 1221]
[852, 1226]
[852, 1226]
[840, 1194]
[840, 1194]
[800, 1212]
[800, 1212]
[835, 1204]
[835, 1204]
[821, 1213]
[821, 1213]
[810, 1231]
[810, 1231]
[848, 1201]
[848, 1201]
[827, 1234]
[827, 1234]
[852, 1201]
[852, 1201]
[848, 1212]
[848, 1212]
[835, 1207]
[835, 1207]
[848, 1218]
[848, 1218]
[832, 1194]
[832, 1194]
[862, 1237]
[862, 1237]
[860, 1215]
[860, 1215]
[852, 1225]
[852, 1225]
