[838, 1223]
[838, 1223]
[833, 1207]
[833, 1207]
[833, 1207]
[832, 1218]
[832, 1218]
[832, 1218]
[832, 1217]
[846, 1209]
[837, 1213]
[837, 1213]
[840, 1218]
[832, 1207]
[830, 1207]
[835, 1220]
[864, 1244]
[825, 1221]
[825, 1220]
[825, 1221]
[830, 1229]
[837, 1226]
[833, 1209]
[814, 1207]
[814, 1209]
[849, 1228]
[825, 1229]
[835, 1217]
[833, 1217]
[832, 1225]
[833, 1223]
[833, 1220]
[841, 1217]
[841, 1217]
[830, 1213]
[829, 1204]
[848, 1201]
[822, 1213]
[827, 1204]
[830, 1221]
[833, 1220]
[819, 1223]
[832, 1226]
[849, 1215]
[859, 1228]
[859, 1226]
[811, 1205]
