[1497, 1952]
[1509, 1584]
[1133, 1570]
[1497, 1952]
[1509, 1584]
[1133, 1570]
[1497, 1952]
[1509, 1584]
[1133, 1570]
[1497, 1952]
[1509, 1584]
[1133, 1570]
[1497, 1952]
[1509, 1584]
[1133, 1570]
[1497, 1952]
[1509, 1584]
[1133, 1570]
[1497, 1952]
[1509, 1584]
[1133, 1570]
[1497, 1952]
[1509, 1584]
[1133, 1570]
[1497, 1952]
[1509, 1584]
[1133, 1570]
[1497, 1952]
[1509, 1584]
[1133, 1570]
[1497, 1952]
[1509, 1584]
[1133, 1570]
[1497, 1952]
[1509, 1584]
[1133, 1570]
[1497, 1952]
[1509, 1584]
[1133, 1570]
[1497, 1952]
[1509, 1584]
[1133, 1570]
[1497, 1952]
[1509, 1584]
[1133, 1570]
[1497, 1952]
[1509, 1584]
[1133, 1570]
[1497, 1952]
[1509, 1584]
[1133, 1570]
[1497, 1952]
[1509, 1584]
[1133, 1570]
[1497, 1952]
[1509, 1584]
[1133, 1570]
[1497, 1952]
[1509, 1584]
[1133, 1570]
[1497, 1952]
[1509, 1584]
[1133, 1570]
[1497, 1952]
[1509, 1584]
[1133, 1570]
[1497, 1952]
[1509, 1584]
[1133, 1570]
[1497, 1952]
[1509, 1584]
[1133, 1570]
[1497, 1952]
[1509, 1584]
[1133, 1570]
[1497, 1952]
[1509, 1584]
[1133, 1570]
[1497, 1952]
[1509, 1584]
[1133, 1570]
[1497, 1952]
[1509, 1584]
[1133, 1570]
[1497, 1952]
[1509, 1584]
[1133, 1570]
[1497, 1952]
[1509, 1584]
[1133, 1570]
[1497, 1952]
[1509, 1584]
[1133, 1570]
[1497, 1952]
[1509, 1584]
[1133, 1570]
[1497, 1952]
[1509, 1584]
[1133, 1570]
[1497, 1952]
[1509, 1584]
[1133, 1570]
[1497, 1952]
[1509, 1584]
[1133, 1570]
[1497, 1952]
[1509, 1584]
[1133, 1570]
[1497, 1952]
[1509, 1584]
[1133, 1570]
[1497, 1952]
[1509, 1584]
[1133, 1570]
[1497, 1952]
[1509, 1584]
[1133, 1570]
[1497, 1952]
[1509, 1584]
[1133, 1570]
[1497, 1952]
[1509, 1584]
[1133, 1570]
